timestamp,startingXCoord,startingYCoord,participantID,purpose
2022-03-01 00:00:00,605.0352009405825,3204.860613802215,247,AtHome
2022-03-01 07:10:00,605.0352009405825,3204.860613802215,247,AtHome
2022-03-01 07:15:00,615.3098822064323,3201.003200456854,247,Transport
2022-03-01 07:20:00,615.7144952874648,3541.3130936302646,247,Transport
2022-03-01 07:25:00,629.1024998407094,3960.967477453335,247,Transport
2022-03-01 07:30:00,926.3079687295595,4083.869339018834,247,Transport
2022-03-01 07:35:00,858.6274291297271,4394.198158029892,247,AtWork
2022-03-01 11:40:00,858.6274291297271,4394.198158029892,247,AtWork
2022-03-01 11:45:00,868.902110395577,4390.34074468453,247,Transport
2022-03-01 11:50:00,709.5155648477144,4482.374039900515,247,Transport
2022-03-01 11:55:00,687.9664346058763,4396.274081528693,247,AtRestaurant
2022-03-01 12:10:00,687.9664346058763,4396.274081528693,247,AtRestaurant
2022-03-01 12:15:00,698.2411158717262,4392.416668183332,247,Transport
2022-03-01 12:20:00,858.6274291297271,4394.198158029892,247,AtWork
2022-03-01 16:10:00,858.6274291297271,4394.198158029892,247,AtWork
2022-03-01 16:15:00,868.902110395577,4390.34074468453,247,Transport
2022-03-01 16:20:00,828.0037422444615,4056.043368774391,247,Transport
2022-03-01 16:25:00,623.3748718539276,3839.641921022485,247,Transport
2022-03-01 16:30:00,622.6455910247329,3420.0719595151027,247,Transport
2022-03-01 16:35:00,605.0352009405825,3204.860613802215,247,AtHome
2022-03-01 16:40:00,615.3098822064323,3201.003200456854,247,Transport
2022-03-01 16:45:00,642.1874810231475,2703.295710883523,247,Transport
2022-03-01 16:50:00,641.9345114113765,2283.921131578666,247,Transport
2022-03-01 16:55:00,597.6053877120731,1868.122039508908,247,Transport
2022-03-01 17:00:00,646.4716470621729,1451.092481224494,247,Transport
2022-03-01 17:05:00,663.7893494011146,1032.0039626535388,247,Transport
2022-03-01 17:10:00,760.1532231729477,936.4426136668365,247,AtRecreation
2022-03-01 17:15:00,770.4279044387976,932.5852003214752,247,Transport
2022-03-01 17:20:00,533.243532438734,1067.052320700562,247,Transport
2022-03-01 17:25:00,403.5653194400262,1197.9861075743092,247,AtRestaurant
2022-03-01 17:40:00,403.5653194400262,1197.9861075743092,247,AtRestaurant
2022-03-01 17:45:00,413.840000705876,1194.128694228948,247,Transport
2022-03-01 17:50:00,653.0249310096121,1045.6277551766495,247,Transport
2022-03-01 17:55:00,760.1532231729477,936.4426136668365,247,AtRecreation
2022-03-01 18:10:00,760.1532231729477,936.4426136668365,247,AtRecreation
2022-03-01 18:15:00,770.4279044387976,932.5852003214752,247,Transport
2022-03-01 18:20:00,656.4955189778115,1175.025809132529,247,Transport
2022-03-01 18:25:00,630.057443387326,1593.6485457451097,247,Transport
2022-03-01 18:30:00,600.3299130282309,2011.5630085733385,247,Transport
2022-03-01 18:35:00,649.9382662694971,2427.1840488094285,247,Transport
2022-03-01 18:40:00,640.8887516017862,2846.737816544204,247,Transport
2022-03-01 18:45:00,605.0352009405825,3204.860613802215,247,AtHome
2022-03-01 18:50:00,615.3098822064323,3201.003200456854,247,Transport
2022-03-01 18:55:00,642.1874810231475,2703.295710883523,247,Transport
2022-03-01 19:00:00,641.9345114113765,2283.921131578666,247,Transport
2022-03-01 19:05:00,597.6053877120731,1868.122039508908,247,Transport
2022-03-01 19:10:00,646.4716470621729,1451.092481224494,247,Transport
2022-03-01 19:15:00,663.7893494011146,1032.0039626535388,247,Transport
2022-03-01 19:20:00,760.1532231729477,936.4426136668365,247,AtRecreation
2022-03-01 21:20:00,760.1532231729477,936.4426136668365,247,AtRecreation
2022-03-01 21:25:00,770.4279044387976,932.5852003214752,247,Transport
2022-03-01 21:30:00,656.4955189778115,1175.025809132529,247,Transport
2022-03-01 21:35:00,630.057443387326,1593.6485457451097,247,Transport
2022-03-01 21:40:00,600.3299130282309,2011.5630085733385,247,Transport
2022-03-01 21:45:00,649.9382662694971,2427.1840488094285,247,Transport
2022-03-01 21:50:00,640.8887516017862,2846.737816544204,247,Transport
2022-03-01 21:55:00,605.0352009405825,3204.860613802215,247,AtHome
2022-03-01 22:00:00,615.3098822064323,3201.003200456854,247,Transport
2022-03-01 22:05:00,615.7144952874648,3541.3130936302646,247,Transport
2022-03-01 22:10:00,912.1358292519776,3665.7790038627113,247,Transport
2022-03-01 22:15:00,954.1633419054704,3995.460887129569,247,AtRecreation
2022-03-01 22:20:00,954.1633419054704,3995.460887129569,247,AtRecreation
2022-03-01 22:25:00,964.4380231713202,3991.603473784208,247,Transport
2022-03-01 22:30:00,1245.728969235788,4062.134408363255,247,Transport
2022-03-01 22:35:00,1397.4360882490746,4014.314894872284,247,AtRestaurant
2022-03-01 22:40:00,1407.7107695149243,4010.4574815269225,247,Transport
2022-03-01 22:45:00,930.4149642879936,4060.049553793345,247,Transport
2022-03-01 22:50:00,628.3395875050602,3942.013738520208,247,Transport
2022-03-01 22:55:00,616.4830544904926,3522.3595828333578,247,Transport
2022-03-01 23:00:00,605.0352009405825,3204.860613802215,247,AtHome
2022-03-02 07:10:00,605.0352009405825,3204.860613802215,247,AtHome
2022-03-02 07:15:00,615.3098822064323,3201.003200456854,247,Transport
2022-03-02 07:20:00,615.7144952874648,3541.3130936302646,247,Transport
2022-03-02 07:25:00,629.1024998407094,3960.967477453335,247,Transport
2022-03-02 07:30:00,926.3079687295595,4083.869339018834,247,Transport
2022-03-02 07:35:00,858.6274291297271,4394.198158029892,247,AtWork
2022-03-02 11:40:00,858.6274291297271,4394.198158029892,247,AtWork
2022-03-02 11:45:00,868.902110395577,4390.34074468453,247,Transport
2022-03-02 11:50:00,709.5155648477144,4482.374039900515,247,Transport
2022-03-02 11:55:00,687.9664346058763,4396.274081528693,247,AtRestaurant
2022-03-02 12:10:00,687.9664346058763,4396.274081528693,247,AtRestaurant
2022-03-02 12:15:00,698.2411158717262,4392.416668183332,247,Transport
2022-03-02 12:20:00,858.6274291297271,4394.198158029892,247,AtWork
2022-03-02 16:10:00,858.6274291297271,4394.198158029892,247,AtWork
2022-03-02 16:15:00,868.902110395577,4390.34074468453,247,Transport
2022-03-02 16:20:00,828.0037422444615,4056.043368774391,247,Transport
2022-03-02 16:25:00,623.3748718539276,3839.641921022485,247,Transport
2022-03-02 16:30:00,622.6455910247329,3420.0719595151027,247,Transport
2022-03-02 16:35:00,605.0352009405825,3204.860613802215,247,AtHome
2022-03-02 16:40:00,615.3098822064323,3201.003200456854,247,Transport
2022-03-02 16:45:00,615.7144952874648,3541.3130936302646,247,Transport
2022-03-02 16:50:00,629.1024998407094,3960.967477453335,247,Transport
2022-03-02 16:55:00,949.3838027765609,4059.952491073087,247,Transport
2022-03-02 17:00:00,1369.279658274368,4062.105179472782,247,Transport
2022-03-02 17:05:00,1753.73503444248,4106.646227685894,247,Transport
2022-03-02 17:10:00,1799.6054920920153,4343.0298393808125,247,AtRecreation
2022-03-02 18:15:00,1799.6054920920153,4343.0298393808125,247,AtRecreation
2022-03-02 18:20:00,1809.880173357865,4339.172426035451,247,Transport
2022-03-02 18:25:00,1670.3113113783324,4060.92717660498,247,Transport
2022-03-02 18:30:00,1250.9156730394975,4062.330557102797,247,Transport
2022-03-02 18:35:00,831.061879867088,4056.187961737148,247,Transport
2022-03-02 18:40:00,623.5416797108849,3842.6990447571247,247,Transport
2022-03-02 18:45:00,622.1925069281828,3423.099920081473,247,Transport
2022-03-02 18:50:00,605.0352009405825,3204.860613802215,247,AtHome
2022-03-02 18:55:00,615.3098822064323,3201.003200456854,247,Transport
2022-03-02 19:00:00,615.7144952874648,3541.3130936302646,247,Transport
2022-03-02 19:05:00,912.1358292519776,3665.7790038627113,247,Transport
2022-03-02 19:10:00,954.1633419054704,3995.460887129569,247,AtRecreation
2022-03-02 21:20:00,954.1633419054704,3995.460887129569,247,AtRecreation
2022-03-02 21:25:00,964.4380231713202,3991.603473784208,247,Transport
2022-03-02 21:30:00,827.6022596364746,3665.049294080348,247,Transport
2022-03-02 21:35:00,620.0233251212022,3456.885740287757,247,Transport
2022-03-02 21:40:00,605.0352009405825,3204.860613802215,247,AtHome
2022-03-02 21:45:00,615.3098822064323,3201.003200456854,247,Transport
2022-03-02 21:50:00,615.7144952874648,3541.3130936302646,247,Transport
2022-03-02 21:55:00,629.1024998407094,3960.967477453335,247,Transport
2022-03-02 22:00:00,949.3838027765609,4059.952491073087,247,Transport
2022-03-02 22:05:00,1369.279658274368,4062.105179472782,247,Transport
2022-03-02 22:10:00,1753.73503444248,4106.646227685894,247,Transport
2022-03-02 22:15:00,1799.6054920920153,4343.0298393808125,247,AtRecreation
2022-03-02 22:20:00,1809.880173357865,4339.172426035451,247,Transport
2022-03-02 22:25:00,1670.3113113783324,4060.92717660498,247,Transport
2022-03-02 22:30:00,1397.4360882490746,4014.314894872284,247,AtRestaurant
2022-03-02 22:35:00,1407.7107695149243,4010.4574815269225,247,Transport
2022-03-02 22:40:00,930.4149642879936,4060.049553793345,247,Transport
2022-03-02 22:45:00,628.3395875050602,3942.013738520208,247,Transport
2022-03-02 22:50:00,616.4830544904926,3522.3595828333578,247,Transport
2022-03-02 22:55:00,605.0352009405825,3204.860613802215,247,AtHome
2022-03-03 07:10:00,605.0352009405825,3204.860613802215,247,AtHome
2022-03-03 07:15:00,615.3098822064323,3201.003200456854,247,Transport
2022-03-03 07:20:00,615.7144952874648,3541.3130936302646,247,Transport
2022-03-03 07:25:00,629.1024998407094,3960.967477453335,247,Transport
2022-03-03 07:30:00,926.3079687295595,4083.869339018834,247,Transport
2022-03-03 07:35:00,858.6274291297271,4394.198158029892,247,AtWork
2022-03-03 11:40:00,858.6274291297271,4394.198158029892,247,AtWork
2022-03-03 11:45:00,868.902110395577,4390.34074468453,247,Transport
2022-03-03 11:50:00,709.5155648477144,4482.374039900515,247,Transport
2022-03-03 11:55:00,687.9664346058763,4396.274081528693,247,AtRestaurant
2022-03-03 12:10:00,687.9664346058763,4396.274081528693,247,AtRestaurant
2022-03-03 12:15:00,698.2411158717262,4392.416668183332,247,Transport
2022-03-03 12:20:00,858.6274291297271,4394.198158029892,247,AtWork
2022-03-03 16:10:00,858.6274291297271,4394.198158029892,247,AtWork
2022-03-03 16:15:00,868.902110395577,4390.34074468453,247,Transport
2022-03-03 16:20:00,828.0037422444615,4056.043368774391,247,Transport
2022-03-03 16:25:00,623.3748718539276,3839.641921022485,247,Transport
2022-03-03 16:30:00,622.6455910247329,3420.0719595151027,247,Transport
2022-03-03 16:35:00,605.0352009405825,3204.860613802215,247,AtHome
2022-03-03 16:40:00,615.3098822064323,3201.003200456854,247,Transport
2022-03-03 16:45:00,615.7144952874648,3541.3130936302646,247,Transport
2022-03-03 16:50:00,912.1358292519776,3665.7790038627113,247,Transport
2022-03-03 16:55:00,954.1633419054704,3995.460887129569,247,AtRecreation
2022-03-03 18:55:00,954.1633419054704,3995.460887129569,247,AtRecreation
2022-03-03 19:00:00,964.4380231713202,3991.603473784208,247,Transport
2022-03-03 19:05:00,827.6022596364746,3665.049294080348,247,Transport
2022-03-03 19:10:00,620.0233251212022,3456.885740287757,247,Transport
2022-03-03 19:15:00,605.0352009405825,3204.860613802215,247,AtHome
2022-03-03 19:20:00,615.3098822064323,3201.003200456854,247,Transport
2022-03-03 19:25:00,615.7144952874648,3541.3130936302646,247,Transport
2022-03-03 19:30:00,912.1358292519776,3665.7790038627113,247,Transport
2022-03-03 19:35:00,954.1633419054704,3995.460887129569,247,AtRecreation
2022-03-03 21:50:00,954.1633419054704,3995.460887129569,247,AtRecreation
2022-03-03 21:55:00,964.4380231713202,3991.603473784208,247,Transport
2022-03-03 22:00:00,827.6022596364746,3665.049294080348,247,Transport
2022-03-03 22:05:00,620.0233251212022,3456.885740287757,247,Transport
2022-03-03 22:10:00,605.0352009405825,3204.860613802215,247,AtHome
2022-03-04 07:10:00,605.0352009405825,3204.860613802215,247,AtHome
2022-03-04 07:15:00,615.3098822064323,3201.003200456854,247,Transport
2022-03-04 07:20:00,615.7144952874648,3541.3130936302646,247,Transport
2022-03-04 07:25:00,629.1024998407094,3960.967477453335,247,Transport
2022-03-04 07:30:00,926.3079687295595,4083.869339018834,247,Transport
2022-03-04 07:35:00,858.6274291297271,4394.198158029892,247,AtWork
2022-03-04 11:40:00,858.6274291297271,4394.198158029892,247,AtWork
2022-03-04 11:45:00,868.902110395577,4390.34074468453,247,Transport
2022-03-04 11:50:00,709.5155648477144,4482.374039900515,247,Transport
2022-03-04 11:55:00,687.9664346058763,4396.274081528693,247,AtRestaurant
2022-03-04 12:10:00,687.9664346058763,4396.274081528693,247,AtRestaurant
2022-03-04 12:15:00,698.2411158717262,4392.416668183332,247,Transport
2022-03-04 12:20:00,858.6274291297271,4394.198158029892,247,AtWork
2022-03-04 16:10:00,858.6274291297271,4394.198158029892,247,AtWork
2022-03-04 16:15:00,868.902110395577,4390.34074468453,247,Transport
2022-03-04 16:20:00,828.0037422444615,4056.043368774391,247,Transport
2022-03-04 16:25:00,623.3748718539276,3839.641921022485,247,Transport
2022-03-04 16:30:00,622.6455910247329,3420.0719595151027,247,Transport
2022-03-04 16:35:00,605.0352009405825,3204.860613802215,247,AtHome
2022-03-04 16:40:00,615.3098822064323,3201.003200456854,247,Transport
2022-03-04 16:45:00,615.7144952874648,3541.3130936302646,247,Transport
2022-03-04 16:50:00,629.1024998407094,3960.967477453335,247,Transport
2022-03-04 16:55:00,572.0526467474274,4375.908873733891,247,Transport
2022-03-04 17:00:00,253.9183012035699,4473.425158681876,247,Transport
2022-03-04 17:05:00,190.3099082388192,4100.386250173873,247,Transport
2022-03-04 17:10:00,-227.924773664714,4123.905522141427,247,Transport
2022-03-04 17:15:00,-48.73849432142425,3890.999541848754,247,Transport
2022-03-04 17:20:00,-236.19566791087192,3881.911110971474,247,AtRecreation
2022-03-04 19:20:00,-236.19566791087192,3881.911110971474,247,AtRecreation
2022-03-04 19:25:00,-225.9209866450221,3878.053697626113,247,Transport
2022-03-04 19:30:00,-49.330318444446,3986.322344996892,247,Transport
2022-03-04 19:35:00,-133.37526873220492,4111.11260730294,247,Transport
2022-03-04 19:40:00,188.61397305386183,4195.410110193234,247,Transport
2022-03-04 19:45:00,349.0352898431787,4478.16622847438,247,Transport
2022-03-04 19:50:00,580.3965404548777,4280.867776814112,247,Transport
2022-03-04 19:55:00,624.7941609893063,3865.653540506299,247,Transport
2022-03-04 20:00:00,620.679512600292,3446.033492504884,247,Transport
2022-03-04 20:05:00,605.0352009405825,3204.860613802215,247,AtHome
2022-03-04 20:10:00,615.3098822064323,3201.003200456854,247,Transport
2022-03-04 20:15:00,615.7144952874648,3541.3130936302646,247,Transport
2022-03-04 20:20:00,629.1024998407094,3960.967477453335,247,Transport
2022-03-04 20:25:00,572.0526467474274,4375.908873733891,247,Transport
2022-03-04 20:30:00,253.9183012035699,4473.425158681876,247,Transport
2022-03-04 20:35:00,190.3099082388192,4100.386250173873,247,Transport
2022-03-04 20:40:00,-227.924773664714,4123.905522141427,247,Transport
2022-03-04 20:45:00,-48.73849432142425,3890.999541848754,247,Transport
2022-03-04 20:50:00,-236.19566791087192,3881.911110971474,247,AtRecreation
2022-03-04 22:25:00,-236.19566791087192,3881.911110971474,247,AtRecreation
2022-03-04 22:30:00,-225.9209866450221,3878.053697626113,247,Transport
2022-03-04 22:35:00,-49.330318444446,3986.322344996892,247,Transport
2022-03-04 22:40:00,-133.37526873220492,4111.11260730294,247,Transport
2022-03-04 22:45:00,188.61397305386183,4195.410110193234,247,Transport
2022-03-04 22:50:00,349.0352898431787,4478.16622847438,247,Transport
2022-03-04 22:55:00,580.3965404548777,4280.867776814112,247,Transport
2022-03-04 23:00:00,624.7941609893063,3865.653540506299,247,Transport
2022-03-04 23:05:00,620.679512600292,3446.033492504884,247,Transport
2022-03-04 23:10:00,605.0352009405825,3204.860613802215,247,AtHome
2022-03-05 07:00:00,605.0352009405825,3204.860613802215,247,AtHome
2022-03-05 07:05:00,615.3098822064323,3201.003200456854,247,Transport
2022-03-05 07:10:00,642.1874810231475,2703.295710883523,247,Transport
2022-03-05 07:15:00,641.9345114113765,2283.921131578666,247,Transport
2022-03-05 07:20:00,621.2383910372893,2005.3346159490147,247,AtRestaurant
2022-03-05 07:35:00,621.2383910372893,2005.3346159490147,247,AtRestaurant
2022-03-05 07:40:00,631.5130723031391,2001.4772026036533,247,Transport
2022-03-05 07:45:00,646.5072927151671,2376.165197219661,247,Transport
2022-03-05 07:50:00,640.2712967202582,2795.6074581791536,247,Transport
2022-03-05 07:55:00,605.0352009405825,3204.860613802215,247,AtHome
2022-03-05 12:15:00,605.0352009405825,3204.860613802215,247,AtHome
2022-03-05 12:20:00,615.3098822064323,3201.003200456854,247,Transport
2022-03-05 12:25:00,642.1874810231475,2703.295710883523,247,Transport
2022-03-05 12:30:00,641.9345114113765,2283.921131578666,247,Transport
2022-03-05 12:35:00,621.2383910372893,2005.3346159490147,247,AtRestaurant
2022-03-05 12:50:00,621.2383910372893,2005.3346159490147,247,AtRestaurant
2022-03-05 12:55:00,631.5130723031391,2001.4772026036533,247,Transport
2022-03-05 13:00:00,646.5072927151671,2376.165197219661,247,Transport
2022-03-05 13:05:00,640.2712967202582,2795.6074581791536,247,Transport
2022-03-05 13:10:00,605.0352009405825,3204.860613802215,247,AtHome
2022-03-05 17:30:00,605.0352009405825,3204.860613802215,247,AtHome
2022-03-05 17:35:00,615.3098822064323,3201.003200456854,247,Transport
2022-03-05 17:40:00,642.1874810231475,2703.295710883523,247,Transport
2022-03-05 17:45:00,641.9345114113765,2283.921131578666,247,Transport
2022-03-05 17:50:00,621.2383910372893,2005.3346159490147,247,AtRestaurant
2022-03-05 18:05:00,621.2383910372893,2005.3346159490147,247,AtRestaurant
2022-03-05 18:10:00,631.5130723031391,2001.4772026036533,247,Transport
2022-03-05 18:15:00,646.5072927151671,2376.165197219661,247,Transport
2022-03-05 18:20:00,640.2712967202582,2795.6074581791536,247,Transport
2022-03-05 18:25:00,605.0352009405825,3204.860613802215,247,AtHome
2022-03-06 07:00:00,605.0352009405825,3204.860613802215,247,AtHome
2022-03-06 07:05:00,615.3098822064323,3201.003200456854,247,Transport
2022-03-06 07:10:00,615.7144952874648,3541.3130936302646,247,Transport
2022-03-06 07:15:00,629.1024998407094,3960.967477453335,247,Transport
2022-03-06 07:20:00,572.0526467474274,4375.908873733891,247,Transport
2022-03-06 07:25:00,400.7848268574819,4623.759729032403,247,Transport
2022-03-06 07:30:00,62.08263586794361,4726.762882276073,247,Transport
2022-03-06 07:35:00,-228.5416636098629,4876.192230261836,247,Transport
2022-03-06 07:40:00,-270.7321517972405,5030.008217524723,247,AtRecreation
2022-03-06 09:20:00,-270.7321517972405,5030.008217524723,247,AtRecreation
2022-03-06 09:25:00,-260.45747053139064,5026.150804179361,247,Transport
2022-03-06 09:30:00,-56.31352508268587,4740.277986216306,247,Transport
2022-03-06 09:35:00,361.8254056349728,4702.987428661796,247,Transport
2022-03-06 09:40:00,554.3742530220767,4476.436116406113,247,Transport
2022-03-06 09:45:00,620.3108823479811,4079.478052167119,247,Transport
2022-03-06 09:50:00,616.1141707901548,3660.481135193048,247,Transport
2022-03-06 09:55:00,641.5651457940667,3241.933436648096,247,Transport
2022-03-06 10:00:00,605.0352009405825,3204.860613802215,247,AtHome
2022-03-06 10:05:00,615.3098822064323,3201.003200456854,247,Transport
2022-03-06 10:10:00,642.1874810231475,2703.295710883523,247,Transport
2022-03-06 10:15:00,641.9345114113765,2283.921131578666,247,Transport
2022-03-06 10:20:00,597.6053877120731,1868.122039508908,247,Transport
2022-03-06 10:25:00,646.4716470621729,1451.092481224494,247,Transport
2022-03-06 10:30:00,663.7893494011146,1032.0039626535388,247,Transport
2022-03-06 10:35:00,760.1532231729477,936.4426136668365,247,AtRecreation
2022-03-06 12:30:00,760.1532231729477,936.4426136668365,247,AtRecreation
2022-03-06 12:35:00,770.4279044387976,932.5852003214752,247,Transport
2022-03-06 12:40:00,656.4955189778115,1175.025809132529,247,Transport
2022-03-06 12:45:00,630.057443387326,1593.6485457451097,247,Transport
2022-03-06 12:50:00,600.3299130282309,2011.5630085733385,247,Transport
2022-03-06 12:55:00,649.9382662694971,2427.1840488094285,247,Transport
2022-03-06 13:00:00,640.8887516017862,2846.737816544204,247,Transport
2022-03-06 13:05:00,605.0352009405825,3204.860613802215,247,AtHome
2022-03-06 13:10:00,615.3098822064323,3201.003200456854,247,Transport
2022-03-06 13:15:00,615.7144952874648,3541.3130936302646,247,Transport
2022-03-06 13:20:00,912.1358292519776,3665.7790038627113,247,Transport
2022-03-06 13:25:00,954.1633419054704,3995.460887129569,247,AtRecreation
2022-03-06 15:25:00,954.1633419054704,3995.460887129569,247,AtRecreation
2022-03-06 15:30:00,964.4380231713202,3991.603473784208,247,Transport
2022-03-06 15:35:00,827.6022596364746,3665.049294080348,247,Transport
2022-03-06 15:40:00,620.0233251212022,3456.885740287757,247,Transport
2022-03-06 15:45:00,605.0352009405825,3204.860613802215,247,AtHome
2022-03-06 15:50:00,615.3098822064323,3201.003200456854,247,Transport
2022-03-06 15:55:00,615.7144952874648,3541.3130936302646,247,Transport
2022-03-06 16:00:00,912.1358292519776,3665.7790038627113,247,Transport
2022-03-06 16:05:00,954.1633419054704,3995.460887129569,247,AtRecreation
2022-03-06 18:30:00,954.1633419054704,3995.460887129569,247,AtRecreation
2022-03-06 18:35:00,964.4380231713202,3991.603473784208,247,Transport
2022-03-06 18:40:00,827.6022596364746,3665.049294080348,247,Transport
2022-03-06 18:45:00,620.0233251212022,3456.885740287757,247,Transport
2022-03-06 18:50:00,605.0352009405825,3204.860613802215,247,AtHome
2022-03-07 07:10:00,605.0352009405825,3204.860613802215,247,AtHome
2022-03-07 07:15:00,615.3098822064323,3201.003200456854,247,Transport
2022-03-07 07:20:00,615.7144952874648,3541.3130936302646,247,Transport
2022-03-07 07:25:00,629.1024998407094,3960.967477453335,247,Transport
2022-03-07 07:30:00,926.3079687295595,4083.869339018834,247,Transport
2022-03-07 07:35:00,858.6274291297271,4394.198158029892,247,AtWork
2022-03-07 11:40:00,858.6274291297271,4394.198158029892,247,AtWork
2022-03-07 11:45:00,868.902110395577,4390.34074468453,247,Transport
2022-03-07 11:50:00,709.5155648477144,4482.374039900515,247,Transport
2022-03-07 11:55:00,687.9664346058763,4396.274081528693,247,AtRestaurant
2022-03-07 12:10:00,687.9664346058763,4396.274081528693,247,AtRestaurant
2022-03-07 12:15:00,698.2411158717262,4392.416668183332,247,Transport
2022-03-07 12:20:00,858.6274291297271,4394.198158029892,247,AtWork
2022-03-07 16:10:00,858.6274291297271,4394.198158029892,247,AtWork
2022-03-07 16:15:00,868.902110395577,4390.34074468453,247,Transport
2022-03-07 16:20:00,828.0037422444615,4056.043368774391,247,Transport
2022-03-07 16:25:00,623.3748718539276,3839.641921022485,247,Transport
2022-03-07 16:30:00,622.6455910247329,3420.0719595151027,247,Transport
2022-03-07 16:35:00,605.0352009405825,3204.860613802215,247,AtHome
2022-03-07 16:40:00,615.3098822064323,3201.003200456854,247,Transport
2022-03-07 16:45:00,615.7144952874648,3541.3130936302646,247,Transport
2022-03-07 16:50:00,912.1358292519776,3665.7790038627113,247,Transport
2022-03-07 16:55:00,954.1633419054704,3995.460887129569,247,AtRecreation
2022-03-07 18:45:00,954.1633419054704,3995.460887129569,247,AtRecreation
2022-03-07 18:50:00,964.4380231713202,3991.603473784208,247,Transport
2022-03-07 18:55:00,827.6022596364746,3665.049294080348,247,Transport
2022-03-07 19:00:00,620.0233251212022,3456.885740287757,247,Transport
2022-03-07 19:05:00,605.0352009405825,3204.860613802215,247,AtHome
2022-03-07 19:10:00,615.3098822064323,3201.003200456854,247,Transport
2022-03-07 19:15:00,615.7144952874648,3541.3130936302646,247,Transport
2022-03-07 19:20:00,629.1024998407094,3960.967477453335,247,Transport
2022-03-07 19:25:00,949.3838027765609,4059.952491073087,247,Transport
2022-03-07 19:30:00,1369.279658274368,4062.105179472782,247,Transport
2022-03-07 19:35:00,1753.73503444248,4106.646227685894,247,Transport
2022-03-07 19:40:00,1799.6054920920153,4343.0298393808125,247,AtRecreation
2022-03-07 21:00:00,1799.6054920920153,4343.0298393808125,247,AtRecreation
2022-03-07 21:05:00,1809.880173357865,4339.172426035451,247,Transport
2022-03-07 21:10:00,1670.3113113783324,4060.92717660498,247,Transport
2022-03-07 21:15:00,1250.9156730394975,4062.330557102797,247,Transport
2022-03-07 21:20:00,831.061879867088,4056.187961737148,247,Transport
2022-03-07 21:25:00,623.5416797108849,3842.6990447571247,247,Transport
2022-03-07 21:30:00,622.1925069281828,3423.099920081473,247,Transport
2022-03-07 21:35:00,605.0352009405825,3204.860613802215,247,AtHome
2022-04-01 07:10:00,605.0352009405825,3204.860613802215,247,AtHome
2022-04-01 07:15:00,615.3098822064323,3201.003200456854,247,Transport
2022-04-01 07:20:00,615.7144952874648,3541.3130936302646,247,Transport
2022-04-01 07:25:00,629.1024998407094,3960.967477453335,247,Transport
2022-04-01 07:30:00,926.3079687295595,4083.869339018834,247,Transport
2022-04-01 07:35:00,858.6274291297271,4394.198158029892,247,AtWork
2022-04-01 11:40:00,858.6274291297271,4394.198158029892,247,AtWork
2022-04-01 11:45:00,868.902110395577,4390.34074468453,247,Transport
2022-04-01 11:50:00,709.5155648477144,4482.374039900515,247,Transport
2022-04-01 11:55:00,687.9664346058763,4396.274081528693,247,AtRestaurant
2022-04-01 12:10:00,687.9664346058763,4396.274081528693,247,AtRestaurant
2022-04-01 12:15:00,698.2411158717262,4392.416668183332,247,Transport
2022-04-01 12:20:00,858.6274291297271,4394.198158029892,247,AtWork
2022-04-01 16:10:00,858.6274291297271,4394.198158029892,247,AtWork
2022-04-01 16:15:00,868.902110395577,4390.34074468453,247,Transport
2022-04-01 16:20:00,828.0037422444615,4056.043368774391,247,Transport
2022-04-01 16:25:00,623.3748718539276,3839.641921022485,247,Transport
2022-04-01 16:30:00,622.6455910247329,3420.0719595151027,247,Transport
2022-04-01 16:35:00,605.0352009405825,3204.860613802215,247,AtHome
2022-04-01 21:30:00,605.0352009405825,3204.860613802215,247,AtHome
2022-04-01 21:35:00,615.3098822064323,3201.003200456854,247,Transport
2022-04-01 21:40:00,642.1874810231475,2703.295710883523,247,Transport
2022-04-01 21:45:00,641.9345114113765,2283.921131578666,247,Transport
2022-04-01 21:50:00,621.2383910372893,2005.3346159490147,247,AtRestaurant
2022-04-01 22:05:00,621.2383910372893,2005.3346159490147,247,AtRestaurant
2022-04-01 22:10:00,631.5130723031391,2001.4772026036533,247,Transport
2022-04-01 22:15:00,646.5072927151671,2376.165197219661,247,Transport
2022-04-01 22:20:00,640.2712967202582,2795.6074581791536,247,Transport
2022-04-01 22:25:00,605.0352009405825,3204.860613802215,247,AtHome
2022-04-02 21:00:00,605.0352009405825,3204.860613802215,247,AtHome
2022-04-02 21:05:00,615.3098822064323,3201.003200456854,247,Transport
2022-04-02 21:10:00,642.1874810231475,2703.295710883523,247,Transport
2022-04-02 21:15:00,641.9345114113765,2283.921131578666,247,Transport
2022-04-02 21:20:00,621.2383910372893,2005.3346159490147,247,AtRestaurant
2022-04-02 21:35:00,621.2383910372893,2005.3346159490147,247,AtRestaurant
2022-04-02 21:40:00,631.5130723031391,2001.4772026036533,247,Transport
2022-04-02 21:45:00,646.5072927151671,2376.165197219661,247,Transport
2022-04-02 21:50:00,640.2712967202582,2795.6074581791536,247,Transport
2022-04-02 21:55:00,605.0352009405825,3204.860613802215,247,AtHome
2022-04-03 16:20:00,605.0352009405825,3204.860613802215,247,AtHome
2022-04-03 16:25:00,615.3098822064323,3201.003200456854,247,Transport
2022-04-03 16:30:00,642.1874810231475,2703.295710883523,247,Transport
2022-04-03 16:35:00,641.9345114113765,2283.921131578666,247,Transport
2022-04-03 16:40:00,621.2383910372893,2005.3346159490147,247,AtRestaurant
2022-04-03 16:55:00,621.2383910372893,2005.3346159490147,247,AtRestaurant
2022-04-03 17:00:00,631.5130723031391,2001.4772026036533,247,Transport
2022-04-03 17:05:00,646.5072927151671,2376.165197219661,247,Transport
2022-04-03 17:10:00,640.2712967202582,2795.6074581791536,247,Transport
2022-04-03 17:15:00,605.0352009405825,3204.860613802215,247,AtHome
2022-04-03 21:35:00,605.0352009405825,3204.860613802215,247,AtHome
2022-04-03 21:40:00,615.3098822064323,3201.003200456854,247,Transport
2022-04-03 21:45:00,642.1874810231475,2703.295710883523,247,Transport
2022-04-03 21:50:00,641.9345114113765,2283.921131578666,247,Transport
2022-04-03 21:55:00,621.2383910372893,2005.3346159490147,247,AtRestaurant
2022-04-03 22:10:00,621.2383910372893,2005.3346159490147,247,AtRestaurant
2022-04-03 22:15:00,631.5130723031391,2001.4772026036533,247,Transport
2022-04-03 22:20:00,646.5072927151671,2376.165197219661,247,Transport
2022-04-03 22:25:00,640.2712967202582,2795.6074581791536,247,Transport
2022-04-03 22:30:00,605.0352009405825,3204.860613802215,247,AtHome
2022-04-04 07:10:00,605.0352009405825,3204.860613802215,247,AtHome
2022-04-04 07:15:00,615.3098822064323,3201.003200456854,247,Transport
2022-04-04 07:20:00,615.7144952874648,3541.3130936302646,247,Transport
2022-04-04 07:25:00,629.1024998407094,3960.967477453335,247,Transport
2022-04-04 07:30:00,926.3079687295595,4083.869339018834,247,Transport
2022-04-04 07:35:00,858.6274291297271,4394.198158029892,247,AtWork
2022-04-04 11:40:00,858.6274291297271,4394.198158029892,247,AtWork
2022-04-04 11:45:00,868.902110395577,4390.34074468453,247,Transport
2022-04-04 11:50:00,709.5155648477144,4482.374039900515,247,Transport
2022-04-04 11:55:00,687.9664346058763,4396.274081528693,247,AtRestaurant
2022-04-04 12:10:00,687.9664346058763,4396.274081528693,247,AtRestaurant
2022-04-04 12:15:00,698.2411158717262,4392.416668183332,247,Transport
2022-04-04 12:20:00,858.6274291297271,4394.198158029892,247,AtWork
2022-04-04 16:10:00,858.6274291297271,4394.198158029892,247,AtWork
2022-04-04 16:15:00,868.902110395577,4390.34074468453,247,Transport
2022-04-04 16:20:00,828.0037422444615,4056.043368774391,247,Transport
2022-04-04 16:25:00,623.3748718539276,3839.641921022485,247,Transport
2022-04-04 16:30:00,622.6455910247329,3420.0719595151027,247,Transport
2022-04-04 16:35:00,605.0352009405825,3204.860613802215,247,AtHome
2022-04-04 16:40:00,615.3098822064323,3201.003200456854,247,Transport
2022-04-04 16:45:00,642.1874810231475,2703.295710883523,247,Transport
2022-04-04 16:50:00,641.9345114113765,2283.921131578666,247,Transport
2022-04-04 16:55:00,597.6053877120731,1868.122039508908,247,Transport
2022-04-04 17:00:00,646.4716470621729,1451.092481224494,247,Transport
2022-04-04 17:05:00,663.7893494011146,1032.0039626535388,247,Transport
2022-04-04 17:10:00,760.1532231729477,936.4426136668365,247,AtRecreation
2022-04-04 17:15:00,770.4279044387976,932.5852003214752,247,Transport
2022-04-04 17:20:00,533.243532438734,1067.052320700562,247,Transport
2022-04-04 17:25:00,403.5653194400262,1197.9861075743092,247,AtRestaurant
2022-04-04 17:40:00,403.5653194400262,1197.9861075743092,247,AtRestaurant
2022-04-04 17:45:00,413.840000705876,1194.128694228948,247,Transport
2022-04-04 17:50:00,653.0249310096121,1045.6277551766495,247,Transport
2022-04-04 17:55:00,760.1532231729477,936.4426136668365,247,AtRecreation
2022-04-04 18:10:00,760.1532231729477,936.4426136668365,247,AtRecreation
2022-04-04 18:15:00,770.4279044387976,932.5852003214752,247,Transport
2022-04-04 18:20:00,656.4955189778115,1175.025809132529,247,Transport
2022-04-04 18:25:00,630.057443387326,1593.6485457451097,247,Transport
2022-04-04 18:30:00,600.3299130282309,2011.5630085733385,247,Transport
2022-04-04 18:35:00,649.9382662694971,2427.1840488094285,247,Transport
2022-04-04 18:40:00,640.8887516017862,2846.737816544204,247,Transport
2022-04-04 18:45:00,605.0352009405825,3204.860613802215,247,AtHome
2022-04-04 18:50:00,615.3098822064323,3201.003200456854,247,Transport
2022-04-04 18:55:00,615.7144952874648,3541.3130936302646,247,Transport
2022-04-04 19:00:00,629.1024998407094,3960.967477453335,247,Transport
2022-04-04 19:05:00,572.0526467474274,4375.908873733891,247,Transport
2022-04-04 19:10:00,400.7848268574819,4623.759729032403,247,Transport
2022-04-04 19:15:00,62.08263586794361,4726.762882276073,247,Transport
2022-04-04 19:20:00,-228.5416636098629,4876.192230261836,247,Transport
2022-04-04 19:25:00,-270.7321517972405,5030.008217524723,247,AtRecreation
2022-04-04 20:50:00,-270.7321517972405,5030.008217524723,247,AtRecreation
2022-04-04 20:55:00,-260.45747053139064,5026.150804179361,247,Transport
2022-04-04 21:00:00,-56.31352508268587,4740.277986216306,247,Transport
2022-04-04 21:05:00,361.8254056349728,4702.987428661796,247,Transport
2022-04-04 21:10:00,554.3742530220767,4476.436116406113,247,Transport
2022-04-04 21:15:00,620.3108823479811,4079.478052167119,247,Transport
2022-04-04 21:20:00,616.1141707901548,3660.481135193048,247,Transport
2022-04-04 21:25:00,641.5651457940667,3241.933436648096,247,Transport
2022-04-04 21:30:00,605.0352009405825,3204.860613802215,247,AtHome
2022-04-04 21:35:00,615.3098822064323,3201.003200456854,247,Transport
2022-04-04 21:40:00,642.1874810231475,2703.295710883523,247,Transport
2022-04-04 21:45:00,641.9345114113765,2283.921131578666,247,Transport
2022-04-04 21:50:00,597.6053877120731,1868.122039508908,247,Transport
2022-04-04 21:55:00,646.4716470621729,1451.092481224494,247,Transport
2022-04-04 22:00:00,663.7893494011146,1032.0039626535388,247,Transport
2022-04-04 22:05:00,760.1532231729477,936.4426136668365,247,AtRecreation
2022-04-04 22:20:00,760.1532231729477,936.4426136668365,247,AtRecreation
2022-04-04 22:25:00,770.4279044387976,932.5852003214752,247,Transport
2022-04-04 22:30:00,533.243532438734,1067.052320700562,247,Transport
2022-04-04 22:35:00,403.5653194400262,1197.9861075743092,247,AtRestaurant
2022-04-04 22:40:00,413.840000705876,1194.128694228948,247,Transport
2022-04-04 22:45:00,462.1727696471055,1550.120740256495,247,Transport
2022-04-04 22:50:00,604.4145653235614,1789.800545919283,247,Transport
2022-04-04 22:55:00,634.9138280751667,2205.731097689107,247,Transport
2022-04-04 23:00:00,646.7736462311419,2624.8226484859256,247,Transport
2022-04-04 23:05:00,633.7451312901233,3044.3809096332875,247,Transport
2022-04-04 23:10:00,605.0352009405825,3204.860613802215,247,AtHome
2022-04-05 07:10:00,605.0352009405825,3204.860613802215,247,AtHome
2022-04-05 07:15:00,615.3098822064323,3201.003200456854,247,Transport
2022-04-05 07:20:00,615.7144952874648,3541.3130936302646,247,Transport
2022-04-05 07:25:00,629.1024998407094,3960.967477453335,247,Transport
2022-04-05 07:30:00,926.3079687295595,4083.869339018834,247,Transport
2022-04-05 07:35:00,858.6274291297271,4394.198158029892,247,AtWork
2022-04-05 11:40:00,858.6274291297271,4394.198158029892,247,AtWork
2022-04-05 11:45:00,868.902110395577,4390.34074468453,247,Transport
2022-04-05 11:50:00,709.5155648477144,4482.374039900515,247,Transport
2022-04-05 11:55:00,687.9664346058763,4396.274081528693,247,AtRestaurant
2022-04-05 12:10:00,687.9664346058763,4396.274081528693,247,AtRestaurant
2022-04-05 12:15:00,698.2411158717262,4392.416668183332,247,Transport
2022-04-05 12:20:00,858.6274291297271,4394.198158029892,247,AtWork
2022-04-05 16:10:00,858.6274291297271,4394.198158029892,247,AtWork
2022-04-05 16:15:00,868.902110395577,4390.34074468453,247,Transport
2022-04-05 16:20:00,828.0037422444615,4056.043368774391,247,Transport
2022-04-05 16:25:00,623.3748718539276,3839.641921022485,247,Transport
2022-04-05 16:30:00,622.6455910247329,3420.0719595151027,247,Transport
2022-04-05 16:35:00,605.0352009405825,3204.860613802215,247,AtHome
2022-04-05 16:40:00,615.3098822064323,3201.003200456854,247,Transport
2022-04-05 16:45:00,642.1874810231475,2703.295710883523,247,Transport
2022-04-05 16:50:00,641.9345114113765,2283.921131578666,247,Transport
2022-04-05 16:55:00,597.6053877120731,1868.122039508908,247,Transport
2022-04-05 17:00:00,646.4716470621729,1451.092481224494,247,Transport
2022-04-05 17:05:00,663.7893494011146,1032.0039626535388,247,Transport
2022-04-05 17:10:00,760.1532231729477,936.4426136668365,247,AtRecreation
2022-04-05 17:15:00,770.4279044387976,932.5852003214752,247,Transport
2022-04-05 17:20:00,533.243532438734,1067.052320700562,247,Transport
2022-04-05 17:25:00,403.5653194400262,1197.9861075743092,247,AtRestaurant
2022-04-05 17:40:00,403.5653194400262,1197.9861075743092,247,AtRestaurant
2022-04-05 17:45:00,413.840000705876,1194.128694228948,247,Transport
2022-04-05 17:50:00,653.0249310096121,1045.6277551766495,247,Transport
2022-04-05 17:55:00,760.1532231729477,936.4426136668365,247,AtRecreation
2022-04-05 18:10:00,760.1532231729477,936.4426136668365,247,AtRecreation
2022-04-05 18:15:00,770.4279044387976,932.5852003214752,247,Transport
2022-04-05 18:20:00,656.4955189778115,1175.025809132529,247,Transport
2022-04-05 18:25:00,630.057443387326,1593.6485457451097,247,Transport
2022-04-05 18:30:00,600.3299130282309,2011.5630085733385,247,Transport
2022-04-05 18:35:00,649.9382662694971,2427.1840488094285,247,Transport
2022-04-05 18:40:00,640.8887516017862,2846.737816544204,247,Transport
2022-04-05 18:45:00,605.0352009405825,3204.860613802215,247,AtHome
2022-04-05 18:50:00,615.3098822064323,3201.003200456854,247,Transport
2022-04-05 18:55:00,615.7144952874648,3541.3130936302646,247,Transport
2022-04-05 19:00:00,629.1024998407094,3960.967477453335,247,Transport
2022-04-05 19:05:00,949.3838027765609,4059.952491073087,247,Transport
2022-04-05 19:10:00,1369.279658274368,4062.105179472782,247,Transport
2022-04-05 19:15:00,1753.73503444248,4106.646227685894,247,Transport
2022-04-05 19:20:00,1799.6054920920153,4343.0298393808125,247,AtRecreation
2022-04-05 21:05:00,1799.6054920920153,4343.0298393808125,247,AtRecreation
2022-04-05 21:10:00,1809.880173357865,4339.172426035451,247,Transport
2022-04-05 21:15:00,1670.3113113783324,4060.92717660498,247,Transport
2022-04-05 21:20:00,1250.9156730394975,4062.330557102797,247,Transport
2022-04-05 21:25:00,831.061879867088,4056.187961737148,247,Transport
2022-04-05 21:30:00,623.5416797108849,3842.6990447571247,247,Transport
2022-04-05 21:35:00,622.1925069281828,3423.099920081473,247,Transport
2022-04-05 21:40:00,605.0352009405825,3204.860613802215,247,AtHome
2022-04-05 21:45:00,615.3098822064323,3201.003200456854,247,Transport
2022-04-05 21:50:00,615.7144952874648,3541.3130936302646,247,Transport
2022-04-05 21:55:00,912.1358292519776,3665.7790038627113,247,Transport
2022-04-05 22:00:00,954.1633419054704,3995.460887129569,247,AtRecreation
2022-04-05 22:20:00,954.1633419054704,3995.460887129569,247,AtRecreation
2022-04-05 22:25:00,964.4380231713202,3991.603473784208,247,Transport
2022-04-05 22:30:00,1245.728969235788,4062.134408363255,247,Transport
2022-04-05 22:35:00,1397.4360882490746,4014.314894872284,247,AtRestaurant
2022-04-05 22:40:00,1407.7107695149243,4010.4574815269225,247,Transport
2022-04-05 22:45:00,930.4149642879936,4060.049553793345,247,Transport
2022-04-05 22:50:00,628.3395875050602,3942.013738520208,247,Transport
2022-04-05 22:55:00,616.4830544904926,3522.3595828333578,247,Transport
2022-04-05 23:00:00,605.0352009405825,3204.860613802215,247,AtHome
2022-04-06 07:10:00,605.0352009405825,3204.860613802215,247,AtHome
2022-04-06 07:15:00,615.3098822064323,3201.003200456854,247,Transport
2022-04-06 07:20:00,615.7144952874648,3541.3130936302646,247,Transport
2022-04-06 07:25:00,629.1024998407094,3960.967477453335,247,Transport
2022-04-06 07:30:00,926.3079687295595,4083.869339018834,247,Transport
2022-04-06 07:35:00,858.6274291297271,4394.198158029892,247,AtWork
2022-04-06 11:40:00,858.6274291297271,4394.198158029892,247,AtWork
2022-04-06 11:45:00,868.902110395577,4390.34074468453,247,Transport
2022-04-06 11:50:00,709.5155648477144,4482.374039900515,247,Transport
2022-04-06 11:55:00,687.9664346058763,4396.274081528693,247,AtRestaurant
2022-04-06 12:10:00,687.9664346058763,4396.274081528693,247,AtRestaurant
2022-04-06 12:15:00,698.2411158717262,4392.416668183332,247,Transport
2022-04-06 12:20:00,858.6274291297271,4394.198158029892,247,AtWork
2022-04-06 16:10:00,858.6274291297271,4394.198158029892,247,AtWork
2022-04-06 16:15:00,868.902110395577,4390.34074468453,247,Transport
2022-04-06 16:20:00,828.0037422444615,4056.043368774391,247,Transport
2022-04-06 16:25:00,623.3748718539276,3839.641921022485,247,Transport
2022-04-06 16:30:00,622.6455910247329,3420.0719595151027,247,Transport
2022-04-06 16:35:00,605.0352009405825,3204.860613802215,247,AtHome
2022-04-07 07:10:00,605.0352009405825,3204.860613802215,247,AtHome
2022-04-07 07:15:00,615.3098822064323,3201.003200456854,247,Transport
2022-04-07 07:20:00,615.7144952874648,3541.3130936302646,247,Transport
2022-04-07 07:25:00,629.1024998407094,3960.967477453335,247,Transport
2022-04-07 07:30:00,926.3079687295595,4083.869339018834,247,Transport
2022-04-07 07:35:00,858.6274291297271,4394.198158029892,247,AtWork
2022-04-07 11:40:00,858.6274291297271,4394.198158029892,247,AtWork
2022-04-07 11:45:00,868.902110395577,4390.34074468453,247,Transport
2022-04-07 11:50:00,709.5155648477144,4482.374039900515,247,Transport
2022-04-07 11:55:00,687.9664346058763,4396.274081528693,247,AtRestaurant
2022-04-07 12:10:00,687.9664346058763,4396.274081528693,247,AtRestaurant
2022-04-07 12:15:00,698.2411158717262,4392.416668183332,247,Transport
2022-04-07 12:20:00,858.6274291297271,4394.198158029892,247,AtWork
2022-04-07 16:10:00,858.6274291297271,4394.198158029892,247,AtWork
2022-04-07 16:15:00,868.902110395577,4390.34074468453,247,Transport
2022-04-07 16:20:00,828.0037422444615,4056.043368774391,247,Transport
2022-04-07 16:25:00,623.3748718539276,3839.641921022485,247,Transport
2022-04-07 16:30:00,622.6455910247329,3420.0719595151027,247,Transport
2022-04-07 16:35:00,605.0352009405825,3204.860613802215,247,AtHome
2022-04-07 16:50:00,605.0352009405825,3204.860613802215,247,AtHome
2022-04-07 16:55:00,615.3098822064323,3201.003200456854,247,Transport
2022-04-07 17:00:00,642.1874810231475,2703.295710883523,247,Transport
2022-04-07 17:05:00,641.9345114113765,2283.921131578666,247,Transport
2022-04-07 17:10:00,621.2383910372893,2005.3346159490147,247,AtRestaurant
2022-04-07 17:25:00,621.2383910372893,2005.3346159490147,247,AtRestaurant
2022-04-07 17:30:00,631.5130723031391,2001.4772026036533,247,Transport
2022-04-07 17:35:00,646.5072927151671,2376.165197219661,247,Transport
2022-04-07 17:40:00,640.2712967202582,2795.6074581791536,247,Transport
2022-04-07 17:45:00,605.0352009405825,3204.860613802215,247,AtHome
2022-04-07 22:05:00,605.0352009405825,3204.860613802215,247,AtHome
2022-04-07 22:10:00,615.3098822064323,3201.003200456854,247,Transport
2022-04-07 22:15:00,642.1874810231475,2703.295710883523,247,Transport
2022-04-07 22:20:00,641.9345114113765,2283.921131578666,247,Transport
2022-04-07 22:25:00,621.2383910372893,2005.3346159490147,247,AtRestaurant
2022-04-07 22:30:00,631.5130723031391,2001.4772026036533,247,Transport
2022-04-07 22:35:00,646.5072927151671,2376.165197219661,247,Transport
2022-04-07 22:40:00,640.2712967202582,2795.6074581791536,247,Transport
2022-04-07 22:45:00,605.0352009405825,3204.860613802215,247,AtHome
2022-05-01 07:00:00,605.0352009405825,3204.860613802215,247,AtHome
2022-05-01 07:05:00,615.3098822064323,3201.003200456854,247,Transport
2022-05-01 07:10:00,615.7144952874648,3541.3130936302646,247,Transport
2022-05-01 07:15:00,912.1358292519776,3665.7790038627113,247,Transport
2022-05-01 07:20:00,954.1633419054704,3995.460887129569,247,AtRecreation
2022-05-01 08:55:00,954.1633419054704,3995.460887129569,247,AtRecreation
2022-05-01 09:00:00,964.4380231713202,3991.603473784208,247,Transport
2022-05-01 09:05:00,827.6022596364746,3665.049294080348,247,Transport
2022-05-01 09:10:00,620.0233251212022,3456.885740287757,247,Transport
2022-05-01 09:15:00,605.0352009405825,3204.860613802215,247,AtHome
2022-05-01 09:20:00,615.3098822064323,3201.003200456854,247,Transport
2022-05-01 09:25:00,615.7144952874648,3541.3130936302646,247,Transport
2022-05-01 09:30:00,912.1358292519776,3665.7790038627113,247,Transport
2022-05-01 09:35:00,954.1633419054704,3995.460887129569,247,AtRecreation
2022-05-01 11:25:00,954.1633419054704,3995.460887129569,247,AtRecreation
2022-05-01 11:30:00,964.4380231713202,3991.603473784208,247,Transport
2022-05-01 11:35:00,827.6022596364746,3665.049294080348,247,Transport
2022-05-01 11:40:00,620.0233251212022,3456.885740287757,247,Transport
2022-05-01 11:45:00,605.0352009405825,3204.860613802215,247,AtHome
2022-05-01 11:50:00,615.3098822064323,3201.003200456854,247,Transport
2022-05-01 11:55:00,642.1874810231475,2703.295710883523,247,Transport
2022-05-01 12:00:00,641.9345114113765,2283.921131578666,247,Transport
2022-05-01 12:05:00,597.6053877120731,1868.122039508908,247,Transport
2022-05-01 12:10:00,646.4716470621729,1451.092481224494,247,Transport
2022-05-01 12:15:00,663.7893494011146,1032.0039626535388,247,Transport
2022-05-01 12:20:00,760.1532231729477,936.4426136668365,247,AtRecreation
2022-05-01 14:00:00,760.1532231729477,936.4426136668365,247,AtRecreation
2022-05-01 14:05:00,770.4279044387976,932.5852003214752,247,Transport
2022-05-01 14:10:00,656.4955189778115,1175.025809132529,247,Transport
2022-05-01 14:15:00,630.057443387326,1593.6485457451097,247,Transport
2022-05-01 14:20:00,600.3299130282309,2011.5630085733385,247,Transport
2022-05-01 14:25:00,649.9382662694971,2427.1840488094285,247,Transport
2022-05-01 14:30:00,640.8887516017862,2846.737816544204,247,Transport
2022-05-01 14:35:00,605.0352009405825,3204.860613802215,247,AtHome
2022-05-01 14:40:00,615.3098822064323,3201.003200456854,247,Transport
2022-05-01 14:45:00,615.7144952874648,3541.3130936302646,247,Transport
2022-05-01 14:50:00,629.1024998407094,3960.967477453335,247,Transport
2022-05-01 14:55:00,949.3838027765609,4059.952491073087,247,Transport
2022-05-01 15:00:00,1369.279658274368,4062.105179472782,247,Transport
2022-05-01 15:05:00,1753.73503444248,4106.646227685894,247,Transport
2022-05-01 15:10:00,1799.6054920920153,4343.0298393808125,247,AtRecreation
2022-05-01 16:25:00,1799.6054920920153,4343.0298393808125,247,AtRecreation
2022-05-01 16:30:00,1809.880173357865,4339.172426035451,247,Transport
2022-05-01 16:35:00,1670.3113113783324,4060.92717660498,247,Transport
2022-05-01 16:40:00,1250.9156730394975,4062.330557102797,247,Transport
2022-05-01 16:45:00,831.061879867088,4056.187961737148,247,Transport
2022-05-01 16:50:00,623.5416797108849,3842.6990447571247,247,Transport
2022-05-01 16:55:00,622.1925069281828,3423.099920081473,247,Transport
2022-05-01 17:00:00,605.0352009405825,3204.860613802215,247,AtHome
2022-05-01 17:05:00,615.3098822064323,3201.003200456854,247,Transport
2022-05-01 17:10:00,615.7144952874648,3541.3130936302646,247,Transport
2022-05-01 17:15:00,629.1024998407094,3960.967477453335,247,Transport
2022-05-01 17:20:00,572.0526467474274,4375.908873733891,247,Transport
2022-05-01 17:25:00,400.7848268574819,4623.759729032403,247,Transport
2022-05-01 17:30:00,62.08263586794361,4726.762882276073,247,Transport
2022-05-01 17:35:00,-228.5416636098629,4876.192230261836,247,Transport
2022-05-01 17:40:00,-270.7321517972405,5030.008217524723,247,AtRecreation
2022-05-01 18:55:00,-270.7321517972405,5030.008217524723,247,AtRecreation
2022-05-01 19:00:00,-260.45747053139064,5026.150804179361,247,Transport
2022-05-01 19:05:00,-56.31352508268587,4740.277986216306,247,Transport
2022-05-01 19:10:00,361.8254056349728,4702.987428661796,247,Transport
2022-05-01 19:15:00,554.3742530220767,4476.436116406113,247,Transport
2022-05-01 19:20:00,620.3108823479811,4079.478052167119,247,Transport
2022-05-01 19:25:00,616.1141707901548,3660.481135193048,247,Transport
2022-05-01 19:30:00,641.5651457940667,3241.933436648096,247,Transport
2022-05-01 19:35:00,605.0352009405825,3204.860613802215,247,AtHome
2022-05-01 19:40:00,615.3098822064323,3201.003200456854,247,Transport
2022-05-01 19:45:00,615.7144952874648,3541.3130936302646,247,Transport
2022-05-01 19:50:00,629.1024998407094,3960.967477453335,247,Transport
2022-05-01 19:55:00,572.0526467474274,4375.908873733891,247,Transport
2022-05-01 20:00:00,400.7848268574819,4623.759729032403,247,Transport
2022-05-01 20:05:00,62.08263586794361,4726.762882276073,247,Transport
2022-05-01 20:10:00,-228.5416636098629,4876.192230261836,247,Transport
2022-05-01 20:15:00,-270.7321517972405,5030.008217524723,247,AtRecreation
2022-05-01 21:05:00,-270.7321517972405,5030.008217524723,247,AtRecreation
2022-05-01 21:10:00,-260.45747053139064,5026.150804179361,247,Transport
2022-05-01 21:15:00,-56.31352508268587,4740.277986216306,247,Transport
2022-05-01 21:20:00,361.8254056349728,4702.987428661796,247,Transport
2022-05-01 21:25:00,554.3742530220767,4476.436116406113,247,Transport
2022-05-01 21:30:00,687.9664346058763,4396.274081528693,247,AtRestaurant
2022-05-01 21:45:00,687.9664346058763,4396.274081528693,247,AtRestaurant
2022-05-01 21:50:00,698.2411158717262,4392.416668183332,247,Transport
2022-05-01 21:55:00,401.00364888735993,4632.191656083583,247,Transport
2022-05-01 22:00:00,53.71315310962717,4727.81027677455,247,Transport
2022-05-01 22:05:00,-230.4186780140786,4884.415495659691,247,Transport
2022-05-01 22:10:00,-270.7321517972405,5030.008217524723,247,AtRecreation
2022-05-01 22:25:00,-270.7321517972405,5030.008217524723,247,AtRecreation
2022-05-01 22:30:00,-260.45747053139064,5026.150804179361,247,Transport
2022-05-01 22:35:00,-56.31352508268587,4740.277986216306,247,Transport
2022-05-01 22:40:00,361.8254056349728,4702.987428661796,247,Transport
2022-05-01 22:45:00,554.3742530220767,4476.436116406113,247,Transport
2022-05-01 22:50:00,620.3108823479811,4079.478052167119,247,Transport
2022-05-01 22:55:00,616.1141707901548,3660.481135193048,247,Transport
2022-05-01 23:00:00,641.5651457940667,3241.933436648096,247,Transport
2022-05-01 23:05:00,605.0352009405825,3204.860613802215,247,AtHome
2022-05-02 07:10:00,605.0352009405825,3204.860613802215,247,AtHome
2022-05-02 07:15:00,615.3098822064323,3201.003200456854,247,Transport
2022-05-02 07:20:00,615.7144952874648,3541.3130936302646,247,Transport
2022-05-02 07:25:00,629.1024998407094,3960.967477453335,247,Transport
2022-05-02 07:30:00,926.3079687295595,4083.869339018834,247,Transport
2022-05-02 07:35:00,858.6274291297271,4394.198158029892,247,AtWork
2022-05-02 11:40:00,858.6274291297271,4394.198158029892,247,AtWork
2022-05-02 11:45:00,868.902110395577,4390.34074468453,247,Transport
2022-05-02 11:50:00,709.5155648477144,4482.374039900515,247,Transport
2022-05-02 11:55:00,687.9664346058763,4396.274081528693,247,AtRestaurant
2022-05-02 12:10:00,687.9664346058763,4396.274081528693,247,AtRestaurant
2022-05-02 12:15:00,698.2411158717262,4392.416668183332,247,Transport
2022-05-02 12:20:00,858.6274291297271,4394.198158029892,247,AtWork
2022-05-02 16:10:00,858.6274291297271,4394.198158029892,247,AtWork
2022-05-02 16:15:00,868.902110395577,4390.34074468453,247,Transport
2022-05-02 16:20:00,828.0037422444615,4056.043368774391,247,Transport
2022-05-02 16:25:00,623.3748718539276,3839.641921022485,247,Transport
2022-05-02 16:30:00,622.6455910247329,3420.0719595151027,247,Transport
2022-05-02 16:35:00,605.0352009405825,3204.860613802215,247,AtHome
2022-05-02 16:40:00,615.3098822064323,3201.003200456854,247,Transport
2022-05-02 16:45:00,615.7144952874648,3541.3130936302646,247,Transport
2022-05-02 16:50:00,629.1024998407094,3960.967477453335,247,Transport
2022-05-02 16:55:00,572.0526467474274,4375.908873733891,247,Transport
2022-05-02 17:00:00,400.7848268574819,4623.759729032403,247,Transport
2022-05-02 17:05:00,62.08263586794361,4726.762882276073,247,Transport
2022-05-02 17:10:00,-228.5416636098629,4876.192230261836,247,Transport
2022-05-02 17:15:00,-270.7321517972405,5030.008217524723,247,AtRecreation
2022-05-02 17:20:00,-260.45747053139064,5026.150804179361,247,Transport
2022-05-02 17:25:00,-56.31352508268587,4740.277986216306,247,Transport
2022-05-02 17:30:00,361.8254056349728,4702.987428661796,247,Transport
2022-05-02 17:35:00,554.3742530220767,4476.436116406113,247,Transport
2022-05-02 17:40:00,687.9664346058763,4396.274081528693,247,AtRestaurant
2022-05-02 17:55:00,687.9664346058763,4396.274081528693,247,AtRestaurant
2022-05-02 18:00:00,698.2411158717262,4392.416668183332,247,Transport
2022-05-02 18:05:00,401.00364888735993,4632.191656083583,247,Transport
2022-05-02 18:10:00,53.71315310962717,4727.81027677455,247,Transport
2022-05-02 18:15:00,-230.4186780140786,4884.415495659691,247,Transport
2022-05-02 18:20:00,-270.7321517972405,5030.008217524723,247,AtRecreation
2022-05-02 18:35:00,-270.7321517972405,5030.008217524723,247,AtRecreation
2022-05-02 18:40:00,-260.45747053139064,5026.150804179361,247,Transport
2022-05-02 18:45:00,-56.31352508268587,4740.277986216306,247,Transport
2022-05-02 18:50:00,361.8254056349728,4702.987428661796,247,Transport
2022-05-02 18:55:00,554.3742530220767,4476.436116406113,247,Transport
2022-05-02 19:00:00,620.3108823479811,4079.478052167119,247,Transport
2022-05-02 19:05:00,616.1141707901548,3660.481135193048,247,Transport
2022-05-02 19:10:00,641.5651457940667,3241.933436648096,247,Transport
2022-05-02 19:15:00,605.0352009405825,3204.860613802215,247,AtHome
2022-05-02 19:20:00,615.3098822064323,3201.003200456854,247,Transport
2022-05-02 19:25:00,615.7144952874648,3541.3130936302646,247,Transport
2022-05-02 19:30:00,629.1024998407094,3960.967477453335,247,Transport
2022-05-02 19:35:00,572.0526467474274,4375.908873733891,247,Transport
2022-05-02 19:40:00,400.7848268574819,4623.759729032403,247,Transport
2022-05-02 19:45:00,62.08263586794361,4726.762882276073,247,Transport
2022-05-02 19:50:00,-228.5416636098629,4876.192230261836,247,Transport
2022-05-02 19:55:00,-270.7321517972405,5030.008217524723,247,AtRecreation
2022-05-02 21:20:00,-270.7321517972405,5030.008217524723,247,AtRecreation
2022-05-02 21:25:00,-260.45747053139064,5026.150804179361,247,Transport
2022-05-02 21:30:00,-56.31352508268587,4740.277986216306,247,Transport
2022-05-02 21:35:00,361.8254056349728,4702.987428661796,247,Transport
2022-05-02 21:40:00,554.3742530220767,4476.436116406113,247,Transport
2022-05-02 21:45:00,620.3108823479811,4079.478052167119,247,Transport
2022-05-02 21:50:00,616.1141707901548,3660.481135193048,247,Transport
2022-05-02 21:55:00,641.5651457940667,3241.933436648096,247,Transport
2022-05-02 22:00:00,605.0352009405825,3204.860613802215,247,AtHome
2022-05-02 22:05:00,615.3098822064323,3201.003200456854,247,Transport
2022-05-02 22:10:00,615.7144952874648,3541.3130936302646,247,Transport
2022-05-02 22:15:00,912.1358292519776,3665.7790038627113,247,Transport
2022-05-02 22:20:00,954.1633419054704,3995.460887129569,247,AtRecreation
2022-05-02 22:25:00,954.1633419054704,3995.460887129569,247,AtRecreation
2022-05-02 22:30:00,964.4380231713202,3991.603473784208,247,Transport
2022-05-02 22:35:00,827.6022596364746,3665.049294080348,247,Transport
2022-05-02 22:40:00,620.0233251212022,3456.885740287757,247,Transport
2022-05-02 22:45:00,605.0352009405825,3204.860613802215,247,AtHome
2022-05-03 07:10:00,605.0352009405825,3204.860613802215,247,AtHome
2022-05-03 07:15:00,615.3098822064323,3201.003200456854,247,Transport
2022-05-03 07:20:00,615.7144952874648,3541.3130936302646,247,Transport
2022-05-03 07:25:00,629.1024998407094,3960.967477453335,247,Transport
2022-05-03 07:30:00,926.3079687295595,4083.869339018834,247,Transport
2022-05-03 07:35:00,858.6274291297271,4394.198158029892,247,AtWork
2022-05-03 11:40:00,858.6274291297271,4394.198158029892,247,AtWork
2022-05-03 11:45:00,868.902110395577,4390.34074468453,247,Transport
2022-05-03 11:50:00,709.5155648477144,4482.374039900515,247,Transport
2022-05-03 11:55:00,687.9664346058763,4396.274081528693,247,AtRestaurant
2022-05-03 12:10:00,687.9664346058763,4396.274081528693,247,AtRestaurant
2022-05-03 12:15:00,698.2411158717262,4392.416668183332,247,Transport
2022-05-03 12:20:00,858.6274291297271,4394.198158029892,247,AtWork
2022-05-03 16:10:00,858.6274291297271,4394.198158029892,247,AtWork
2022-05-03 16:15:00,868.902110395577,4390.34074468453,247,Transport
2022-05-03 16:20:00,828.0037422444615,4056.043368774391,247,Transport
2022-05-03 16:25:00,623.3748718539276,3839.641921022485,247,Transport
2022-05-03 16:30:00,622.6455910247329,3420.0719595151027,247,Transport
2022-05-03 16:35:00,605.0352009405825,3204.860613802215,247,AtHome
2022-05-03 16:50:00,605.0352009405825,3204.860613802215,247,AtHome
2022-05-03 16:55:00,615.3098822064323,3201.003200456854,247,Transport
2022-05-03 17:00:00,642.1874810231475,2703.295710883523,247,Transport
2022-05-03 17:05:00,641.9345114113765,2283.921131578666,247,Transport
2022-05-03 17:10:00,621.2383910372893,2005.3346159490147,247,AtRestaurant
2022-05-03 17:25:00,621.2383910372893,2005.3346159490147,247,AtRestaurant
2022-05-03 17:30:00,631.5130723031391,2001.4772026036533,247,Transport
2022-05-03 17:35:00,646.5072927151671,2376.165197219661,247,Transport
2022-05-03 17:40:00,640.2712967202582,2795.6074581791536,247,Transport
2022-05-03 17:45:00,605.0352009405825,3204.860613802215,247,AtHome
2022-05-03 22:05:00,605.0352009405825,3204.860613802215,247,AtHome
2022-05-03 22:10:00,615.3098822064323,3201.003200456854,247,Transport
2022-05-03 22:15:00,642.1874810231475,2703.295710883523,247,Transport
2022-05-03 22:20:00,641.9345114113765,2283.921131578666,247,Transport
2022-05-03 22:25:00,621.2383910372893,2005.3346159490147,247,AtRestaurant
2022-05-03 22:30:00,631.5130723031391,2001.4772026036533,247,Transport
2022-05-03 22:35:00,646.5072927151671,2376.165197219661,247,Transport
2022-05-03 22:40:00,640.2712967202582,2795.6074581791536,247,Transport
2022-05-03 22:45:00,605.0352009405825,3204.860613802215,247,AtHome
2022-05-04 07:10:00,605.0352009405825,3204.860613802215,247,AtHome
2022-05-04 07:15:00,615.3098822064323,3201.003200456854,247,Transport
2022-05-04 07:20:00,615.7144952874648,3541.3130936302646,247,Transport
2022-05-04 07:25:00,629.1024998407094,3960.967477453335,247,Transport
2022-05-04 07:30:00,926.3079687295595,4083.869339018834,247,Transport
2022-05-04 07:35:00,858.6274291297271,4394.198158029892,247,AtWork
2022-05-04 11:40:00,858.6274291297271,4394.198158029892,247,AtWork
2022-05-04 11:45:00,868.902110395577,4390.34074468453,247,Transport
2022-05-04 11:50:00,709.5155648477144,4482.374039900515,247,Transport
2022-05-04 11:55:00,687.9664346058763,4396.274081528693,247,AtRestaurant
2022-05-04 12:10:00,687.9664346058763,4396.274081528693,247,AtRestaurant
2022-05-04 12:15:00,698.2411158717262,4392.416668183332,247,Transport
2022-05-04 12:20:00,858.6274291297271,4394.198158029892,247,AtWork
2022-05-04 16:10:00,858.6274291297271,4394.198158029892,247,AtWork
2022-05-04 16:15:00,868.902110395577,4390.34074468453,247,Transport
2022-05-04 16:20:00,828.0037422444615,4056.043368774391,247,Transport
2022-05-04 16:25:00,623.3748718539276,3839.641921022485,247,Transport
2022-05-04 16:30:00,622.6455910247329,3420.0719595151027,247,Transport
2022-05-04 16:35:00,605.0352009405825,3204.860613802215,247,AtHome
2022-05-04 16:40:00,615.3098822064323,3201.003200456854,247,Transport
2022-05-04 16:45:00,615.7144952874648,3541.3130936302646,247,Transport
2022-05-04 16:50:00,629.1024998407094,3960.967477453335,247,Transport
2022-05-04 16:55:00,572.0526467474274,4375.908873733891,247,Transport
2022-05-04 17:00:00,253.9183012035699,4473.425158681876,247,Transport
2022-05-04 17:05:00,190.3099082388192,4100.386250173873,247,Transport
2022-05-04 17:10:00,-227.924773664714,4123.905522141427,247,Transport
2022-05-04 17:15:00,-48.73849432142425,3890.999541848754,247,Transport
2022-05-04 17:20:00,-236.19566791087192,3881.911110971474,247,AtRecreation
2022-05-04 18:55:00,-236.19566791087192,3881.911110971474,247,AtRecreation
2022-05-04 19:00:00,-225.9209866450221,3878.053697626113,247,Transport
2022-05-04 19:05:00,-49.330318444446,3986.322344996892,247,Transport
2022-05-04 19:10:00,-133.37526873220492,4111.11260730294,247,Transport
2022-05-04 19:15:00,188.61397305386183,4195.410110193234,247,Transport
2022-05-04 19:20:00,349.0352898431787,4478.16622847438,247,Transport
2022-05-04 19:25:00,580.3965404548777,4280.867776814112,247,Transport
2022-05-04 19:30:00,624.7941609893063,3865.653540506299,247,Transport
2022-05-04 19:35:00,620.679512600292,3446.033492504884,247,Transport
2022-05-04 19:40:00,605.0352009405825,3204.860613802215,247,AtHome
2022-05-04 19:45:00,615.3098822064323,3201.003200456854,247,Transport
2022-05-04 19:50:00,642.1874810231475,2703.295710883523,247,Transport
2022-05-04 19:55:00,641.9345114113765,2283.921131578666,247,Transport
2022-05-04 20:00:00,597.6053877120731,1868.122039508908,247,Transport
2022-05-04 20:05:00,646.4716470621729,1451.092481224494,247,Transport
2022-05-04 20:10:00,663.7893494011146,1032.0039626535388,247,Transport
2022-05-04 20:15:00,760.1532231729477,936.4426136668365,247,AtRecreation
2022-05-04 21:20:00,760.1532231729477,936.4426136668365,247,AtRecreation
2022-05-04 21:25:00,770.4279044387976,932.5852003214752,247,Transport
2022-05-04 21:30:00,656.4955189778115,1175.025809132529,247,Transport
2022-05-04 21:35:00,630.057443387326,1593.6485457451097,247,Transport
2022-05-04 21:40:00,600.3299130282309,2011.5630085733385,247,Transport
2022-05-04 21:45:00,649.9382662694971,2427.1840488094285,247,Transport
2022-05-04 21:50:00,640.8887516017862,2846.737816544204,247,Transport
2022-05-04 21:55:00,605.0352009405825,3204.860613802215,247,AtHome
2022-05-04 22:00:00,615.3098822064323,3201.003200456854,247,Transport
2022-05-04 22:05:00,642.1874810231475,2703.295710883523,247,Transport
2022-05-04 22:10:00,641.9345114113765,2283.921131578666,247,Transport
2022-05-04 22:15:00,597.6053877120731,1868.122039508908,247,Transport
2022-05-04 22:20:00,646.4716470621729,1451.092481224494,247,Transport
2022-05-04 22:25:00,663.7893494011146,1032.0039626535388,247,Transport
2022-05-04 22:30:00,760.1532231729477,936.4426136668365,247,AtRecreation
2022-05-04 22:35:00,770.4279044387976,932.5852003214752,247,Transport
2022-05-04 22:40:00,656.4955189778115,1175.025809132529,247,Transport
2022-05-04 22:45:00,630.057443387326,1593.6485457451097,247,Transport
2022-05-04 22:50:00,600.3299130282309,2011.5630085733385,247,Transport
2022-05-04 22:55:00,649.9382662694971,2427.1840488094285,247,Transport
2022-05-04 23:00:00,640.8887516017862,2846.737816544204,247,Transport
2022-05-04 23:05:00,605.0352009405825,3204.860613802215,247,AtHome
2022-05-05 07:10:00,605.0352009405825,3204.860613802215,247,AtHome
2022-05-05 07:15:00,615.3098822064323,3201.003200456854,247,Transport
2022-05-05 07:20:00,615.7144952874648,3541.3130936302646,247,Transport
2022-05-05 07:25:00,629.1024998407094,3960.967477453335,247,Transport
2022-05-05 07:30:00,926.3079687295595,4083.869339018834,247,Transport
2022-05-05 07:35:00,858.6274291297271,4394.198158029892,247,AtWork
2022-05-05 11:40:00,858.6274291297271,4394.198158029892,247,AtWork
2022-05-05 11:45:00,868.902110395577,4390.34074468453,247,Transport
2022-05-05 11:50:00,709.5155648477144,4482.374039900515,247,Transport
2022-05-05 11:55:00,687.9664346058763,4396.274081528693,247,AtRestaurant
2022-05-05 12:10:00,687.9664346058763,4396.274081528693,247,AtRestaurant
2022-05-05 12:15:00,698.2411158717262,4392.416668183332,247,Transport
2022-05-05 12:20:00,858.6274291297271,4394.198158029892,247,AtWork
2022-05-05 16:10:00,858.6274291297271,4394.198158029892,247,AtWork
2022-05-05 16:15:00,868.902110395577,4390.34074468453,247,Transport
2022-05-05 16:20:00,828.0037422444615,4056.043368774391,247,Transport
2022-05-05 16:25:00,623.3748718539276,3839.641921022485,247,Transport
2022-05-05 16:30:00,622.6455910247329,3420.0719595151027,247,Transport
2022-05-05 16:35:00,605.0352009405825,3204.860613802215,247,AtHome
2022-05-06 07:10:00,605.0352009405825,3204.860613802215,247,AtHome
2022-05-06 07:15:00,615.3098822064323,3201.003200456854,247,Transport
2022-05-06 07:20:00,615.7144952874648,3541.3130936302646,247,Transport
2022-05-06 07:25:00,629.1024998407094,3960.967477453335,247,Transport
2022-05-06 07:30:00,926.3079687295595,4083.869339018834,247,Transport
2022-05-06 07:35:00,858.6274291297271,4394.198158029892,247,AtWork
2022-05-06 11:40:00,858.6274291297271,4394.198158029892,247,AtWork
2022-05-06 11:45:00,868.902110395577,4390.34074468453,247,Transport
2022-05-06 11:50:00,709.5155648477144,4482.374039900515,247,Transport
2022-05-06 11:55:00,687.9664346058763,4396.274081528693,247,AtRestaurant
2022-05-06 12:10:00,687.9664346058763,4396.274081528693,247,AtRestaurant
2022-05-06 12:15:00,698.2411158717262,4392.416668183332,247,Transport
2022-05-06 12:20:00,858.6274291297271,4394.198158029892,247,AtWork
2022-05-06 16:10:00,858.6274291297271,4394.198158029892,247,AtWork
2022-05-06 16:15:00,868.902110395577,4390.34074468453,247,Transport
2022-05-06 16:20:00,828.0037422444615,4056.043368774391,247,Transport
2022-05-06 16:25:00,623.3748718539276,3839.641921022485,247,Transport
2022-05-06 16:30:00,622.6455910247329,3420.0719595151027,247,Transport
2022-05-06 16:35:00,605.0352009405825,3204.860613802215,247,AtHome
2022-05-07 07:00:00,605.0352009405825,3204.860613802215,247,AtHome
2022-05-07 07:05:00,615.3098822064323,3201.003200456854,247,Transport
2022-05-07 07:10:00,642.1874810231475,2703.295710883523,247,Transport
2022-05-07 07:15:00,641.9345114113765,2283.921131578666,247,Transport
2022-05-07 07:20:00,621.2383910372893,2005.3346159490147,247,AtRestaurant
2022-05-07 07:35:00,621.2383910372893,2005.3346159490147,247,AtRestaurant
2022-05-07 07:40:00,631.5130723031391,2001.4772026036533,247,Transport
2022-05-07 07:45:00,646.5072927151671,2376.165197219661,247,Transport
2022-05-07 07:50:00,640.2712967202582,2795.6074581791536,247,Transport
2022-05-07 07:55:00,605.0352009405825,3204.860613802215,247,AtHome
2022-05-07 08:00:00,615.3098822064323,3201.003200456854,247,Transport
2022-05-07 08:05:00,615.7144952874648,3541.3130936302646,247,Transport
2022-05-07 08:10:00,629.1024998407094,3960.967477453335,247,Transport
2022-05-07 08:15:00,572.0526467474274,4375.908873733891,247,Transport
2022-05-07 08:20:00,400.7848268574819,4623.759729032403,247,Transport
2022-05-07 08:25:00,62.08263586794361,4726.762882276073,247,Transport
2022-05-07 08:30:00,-228.5416636098629,4876.192230261836,247,Transport
2022-05-07 08:35:00,-270.7321517972405,5030.008217524723,247,AtRecreation
2022-05-07 09:55:00,-270.7321517972405,5030.008217524723,247,AtRecreation
2022-05-07 10:00:00,-260.45747053139064,5026.150804179361,247,Transport
2022-05-07 10:05:00,-56.31352508268587,4740.277986216306,247,Transport
2022-05-07 10:10:00,361.8254056349728,4702.987428661796,247,Transport
2022-05-07 10:15:00,554.3742530220767,4476.436116406113,247,Transport
2022-05-07 10:20:00,620.3108823479811,4079.478052167119,247,Transport
2022-05-07 10:25:00,616.1141707901548,3660.481135193048,247,Transport
2022-05-07 10:30:00,641.5651457940667,3241.933436648096,247,Transport
2022-05-07 10:35:00,605.0352009405825,3204.860613802215,247,AtHome
2022-05-07 10:40:00,615.3098822064323,3201.003200456854,247,Transport
2022-05-07 10:45:00,615.7144952874648,3541.3130936302646,247,Transport
2022-05-07 10:50:00,629.1024998407094,3960.967477453335,247,Transport
2022-05-07 10:55:00,572.0526467474274,4375.908873733891,247,Transport
2022-05-07 11:00:00,253.9183012035699,4473.425158681876,247,Transport
2022-05-07 11:05:00,190.3099082388192,4100.386250173873,247,Transport
2022-05-07 11:10:00,-227.924773664714,4123.905522141427,247,Transport
2022-05-07 11:15:00,-48.73849432142425,3890.999541848754,247,Transport
2022-05-07 11:20:00,-236.19566791087192,3881.911110971474,247,AtRecreation
2022-05-07 12:30:00,-236.19566791087192,3881.911110971474,247,AtRecreation
2022-05-07 12:35:00,-225.9209866450221,3878.053697626113,247,Transport
2022-05-07 12:40:00,-49.330318444446,3986.322344996892,247,Transport
2022-05-07 12:45:00,-133.37526873220492,4111.11260730294,247,Transport
2022-05-07 12:50:00,188.61397305386183,4195.410110193234,247,Transport
2022-05-07 12:55:00,349.0352898431787,4478.16622847438,247,Transport
2022-05-07 13:00:00,580.3965404548777,4280.867776814112,247,Transport
2022-05-07 13:05:00,624.7941609893063,3865.653540506299,247,Transport
2022-05-07 13:10:00,620.679512600292,3446.033492504884,247,Transport
2022-05-07 13:15:00,605.0352009405825,3204.860613802215,247,AtHome
2022-05-07 13:20:00,615.3098822064323,3201.003200456854,247,Transport
2022-05-07 13:25:00,615.7144952874648,3541.3130936302646,247,Transport
2022-05-07 13:30:00,629.1024998407094,3960.967477453335,247,Transport
2022-05-07 13:35:00,572.0526467474274,4375.908873733891,247,Transport
2022-05-07 13:40:00,400.7848268574819,4623.759729032403,247,Transport
2022-05-07 13:45:00,62.08263586794361,4726.762882276073,247,Transport
2022-05-07 13:50:00,-228.5416636098629,4876.192230261836,247,Transport
2022-05-07 13:55:00,-270.7321517972405,5030.008217524723,247,AtRecreation
2022-05-07 15:55:00,-270.7321517972405,5030.008217524723,247,AtRecreation
2022-05-07 16:00:00,-260.45747053139064,5026.150804179361,247,Transport
2022-05-07 16:05:00,-56.31352508268587,4740.277986216306,247,Transport
2022-05-07 16:10:00,361.8254056349728,4702.987428661796,247,Transport
2022-05-07 16:15:00,554.3742530220767,4476.436116406113,247,Transport
2022-05-07 16:20:00,620.3108823479811,4079.478052167119,247,Transport
2022-05-07 16:25:00,616.1141707901548,3660.481135193048,247,Transport
2022-05-07 16:30:00,641.5651457940667,3241.933436648096,247,Transport
2022-05-07 16:35:00,605.0352009405825,3204.860613802215,247,AtHome
2022-05-07 16:40:00,615.3098822064323,3201.003200456854,247,Transport
2022-05-07 16:45:00,615.7144952874648,3541.3130936302646,247,Transport
2022-05-07 16:50:00,629.1024998407094,3960.967477453335,247,Transport
2022-05-07 16:55:00,949.3838027765609,4059.952491073087,247,Transport
2022-05-07 17:00:00,1369.279658274368,4062.105179472782,247,Transport
2022-05-07 17:05:00,1753.73503444248,4106.646227685894,247,Transport
2022-05-07 17:10:00,1799.6054920920153,4343.0298393808125,247,AtRecreation
2022-05-07 17:15:00,1809.880173357865,4339.172426035451,247,Transport
2022-05-07 17:20:00,1456.5963763830305,4531.8173119642615,247,Transport
2022-05-07 17:25:00,1037.8595923020175,4532.253393288328,247,Transport
2022-05-07 17:30:00,687.9664346058763,4396.274081528693,247,AtRestaurant
2022-05-07 17:45:00,687.9664346058763,4396.274081528693,247,AtRestaurant
2022-05-07 17:50:00,698.2411158717262,4392.416668183332,247,Transport
2022-05-07 17:55:00,1076.350148855216,4535.418646034825,247,Transport
2022-05-07 18:00:00,1495.1954281775827,4533.103768059759,247,Transport
2022-05-07 18:05:00,1799.6054920920153,4343.0298393808125,247,AtRecreation
2022-05-07 18:20:00,1799.6054920920153,4343.0298393808125,247,AtRecreation
2022-05-07 18:25:00,1809.880173357865,4339.172426035451,247,Transport
2022-05-07 18:30:00,1670.3113113783324,4060.92717660498,247,Transport
2022-05-07 18:35:00,1250.9156730394975,4062.330557102797,247,Transport
2022-05-07 18:40:00,831.061879867088,4056.187961737148,247,Transport
2022-05-07 18:45:00,623.5416797108849,3842.6990447571247,247,Transport
2022-05-07 18:50:00,622.1925069281828,3423.099920081473,247,Transport
2022-05-07 18:55:00,605.0352009405825,3204.860613802215,247,AtHome
2022-05-07 19:00:00,615.3098822064323,3201.003200456854,247,Transport
2022-05-07 19:05:00,642.1874810231475,2703.295710883523,247,Transport
2022-05-07 19:10:00,641.9345114113765,2283.921131578666,247,Transport
2022-05-07 19:15:00,597.6053877120731,1868.122039508908,247,Transport
2022-05-07 19:20:00,646.4716470621729,1451.092481224494,247,Transport
2022-05-07 19:25:00,663.7893494011146,1032.0039626535388,247,Transport
2022-05-07 19:30:00,760.1532231729477,936.4426136668365,247,AtRecreation
2022-05-07 22:15:00,760.1532231729477,936.4426136668365,247,AtRecreation
2022-05-07 22:20:00,770.4279044387976,932.5852003214752,247,Transport
2022-05-07 22:25:00,656.4955189778115,1175.025809132529,247,Transport
2022-05-07 22:30:00,630.057443387326,1593.6485457451097,247,Transport
2022-05-07 22:35:00,600.3299130282309,2011.5630085733385,247,Transport
2022-05-07 22:40:00,649.9382662694971,2427.1840488094285,247,Transport
2022-05-07 22:45:00,640.8887516017862,2846.737816544204,247,Transport
2022-05-07 22:50:00,605.0352009405825,3204.860613802215,247,AtHome
2022-06-01 07:10:00,605.0352009405825,3204.860613802215,247,AtHome
2022-06-01 07:15:00,615.3098822064323,3201.003200456854,247,Transport
2022-06-01 07:20:00,615.7144952874648,3541.3130936302646,247,Transport
2022-06-01 07:25:00,629.1024998407094,3960.967477453335,247,Transport
2022-06-01 07:30:00,926.3079687295595,4083.869339018834,247,Transport
2022-06-01 07:35:00,858.6274291297271,4394.198158029892,247,AtWork
2022-06-01 11:40:00,858.6274291297271,4394.198158029892,247,AtWork
2022-06-01 11:45:00,868.902110395577,4390.34074468453,247,Transport
2022-06-01 11:50:00,709.5155648477144,4482.374039900515,247,Transport
2022-06-01 11:55:00,687.9664346058763,4396.274081528693,247,AtRestaurant
2022-06-01 12:10:00,687.9664346058763,4396.274081528693,247,AtRestaurant
2022-06-01 12:15:00,698.2411158717262,4392.416668183332,247,Transport
2022-06-01 12:20:00,858.6274291297271,4394.198158029892,247,AtWork
2022-06-01 16:10:00,858.6274291297271,4394.198158029892,247,AtWork
2022-06-01 16:15:00,868.902110395577,4390.34074468453,247,Transport
2022-06-01 16:20:00,828.0037422444615,4056.043368774391,247,Transport
2022-06-01 16:25:00,623.3748718539276,3839.641921022485,247,Transport
2022-06-01 16:30:00,622.6455910247329,3420.0719595151027,247,Transport
2022-06-01 16:35:00,605.0352009405825,3204.860613802215,247,AtHome
2022-06-01 21:30:00,605.0352009405825,3204.860613802215,247,AtHome
2022-06-01 21:35:00,615.3098822064323,3201.003200456854,247,Transport
2022-06-01 21:40:00,642.1874810231475,2703.295710883523,247,Transport
2022-06-01 21:45:00,641.9345114113765,2283.921131578666,247,Transport
2022-06-01 21:50:00,621.2383910372893,2005.3346159490147,247,AtRestaurant
2022-06-01 22:05:00,621.2383910372893,2005.3346159490147,247,AtRestaurant
2022-06-01 22:10:00,631.5130723031391,2001.4772026036533,247,Transport
2022-06-01 22:15:00,646.5072927151671,2376.165197219661,247,Transport
2022-06-01 22:20:00,640.2712967202582,2795.6074581791536,247,Transport
2022-06-01 22:25:00,605.0352009405825,3204.860613802215,247,AtHome
2022-06-02 07:10:00,605.0352009405825,3204.860613802215,247,AtHome
2022-06-02 07:15:00,615.3098822064323,3201.003200456854,247,Transport
2022-06-02 07:20:00,615.7144952874648,3541.3130936302646,247,Transport
2022-06-02 07:25:00,629.1024998407094,3960.967477453335,247,Transport
2022-06-02 07:30:00,926.3079687295595,4083.869339018834,247,Transport
2022-06-02 07:35:00,858.6274291297271,4394.198158029892,247,AtWork
2022-06-02 11:40:00,858.6274291297271,4394.198158029892,247,AtWork
2022-06-02 11:45:00,868.902110395577,4390.34074468453,247,Transport
2022-06-02 11:50:00,709.5155648477144,4482.374039900515,247,Transport
2022-06-02 11:55:00,687.9664346058763,4396.274081528693,247,AtRestaurant
2022-06-02 12:10:00,687.9664346058763,4396.274081528693,247,AtRestaurant
2022-06-02 12:15:00,698.2411158717262,4392.416668183332,247,Transport
2022-06-02 12:20:00,858.6274291297271,4394.198158029892,247,AtWork
2022-06-02 16:10:00,858.6274291297271,4394.198158029892,247,AtWork
2022-06-02 16:15:00,868.902110395577,4390.34074468453,247,Transport
2022-06-02 16:20:00,828.0037422444615,4056.043368774391,247,Transport
2022-06-02 16:25:00,623.3748718539276,3839.641921022485,247,Transport
2022-06-02 16:30:00,622.6455910247329,3420.0719595151027,247,Transport
2022-06-02 16:35:00,605.0352009405825,3204.860613802215,247,AtHome
2022-06-02 16:50:00,605.0352009405825,3204.860613802215,247,AtHome
2022-06-02 16:55:00,615.3098822064323,3201.003200456854,247,Transport
2022-06-02 17:00:00,642.1874810231475,2703.295710883523,247,Transport
2022-06-02 17:05:00,641.9345114113765,2283.921131578666,247,Transport
2022-06-02 17:10:00,621.2383910372893,2005.3346159490147,247,AtRestaurant
2022-06-02 17:25:00,621.2383910372893,2005.3346159490147,247,AtRestaurant
2022-06-02 17:30:00,631.5130723031391,2001.4772026036533,247,Transport
2022-06-02 17:35:00,646.5072927151671,2376.165197219661,247,Transport
2022-06-02 17:40:00,640.2712967202582,2795.6074581791536,247,Transport
2022-06-02 17:45:00,605.0352009405825,3204.860613802215,247,AtHome
2022-06-03 07:10:00,605.0352009405825,3204.860613802215,247,AtHome
2022-06-03 07:15:00,615.3098822064323,3201.003200456854,247,Transport
2022-06-03 07:20:00,615.7144952874648,3541.3130936302646,247,Transport
2022-06-03 07:25:00,629.1024998407094,3960.967477453335,247,Transport
2022-06-03 07:30:00,926.3079687295595,4083.869339018834,247,Transport
2022-06-03 07:35:00,858.6274291297271,4394.198158029892,247,AtWork
2022-06-03 11:40:00,858.6274291297271,4394.198158029892,247,AtWork
2022-06-03 11:45:00,868.902110395577,4390.34074468453,247,Transport
2022-06-03 11:50:00,709.5155648477144,4482.374039900515,247,Transport
2022-06-03 11:55:00,687.9664346058763,4396.274081528693,247,AtRestaurant
2022-06-03 12:10:00,687.9664346058763,4396.274081528693,247,AtRestaurant
2022-06-03 12:15:00,698.2411158717262,4392.416668183332,247,Transport
2022-06-03 12:20:00,858.6274291297271,4394.198158029892,247,AtWork
2022-06-03 16:10:00,858.6274291297271,4394.198158029892,247,AtWork
2022-06-03 16:15:00,868.902110395577,4390.34074468453,247,Transport
2022-06-03 16:20:00,828.0037422444615,4056.043368774391,247,Transport
2022-06-03 16:25:00,623.3748718539276,3839.641921022485,247,Transport
2022-06-03 16:30:00,622.6455910247329,3420.0719595151027,247,Transport
2022-06-03 16:35:00,605.0352009405825,3204.860613802215,247,AtHome
2022-06-03 16:40:00,615.3098822064323,3201.003200456854,247,Transport
2022-06-03 16:45:00,615.7144952874648,3541.3130936302646,247,Transport
2022-06-03 16:50:00,912.1358292519776,3665.7790038627113,247,Transport
2022-06-03 16:55:00,954.1633419054704,3995.460887129569,247,AtRecreation
2022-06-03 18:50:00,954.1633419054704,3995.460887129569,247,AtRecreation
2022-06-03 18:55:00,964.4380231713202,3991.603473784208,247,Transport
2022-06-03 19:00:00,827.6022596364746,3665.049294080348,247,Transport
2022-06-03 19:05:00,620.0233251212022,3456.885740287757,247,Transport
2022-06-03 19:10:00,605.0352009405825,3204.860613802215,247,AtHome
2022-06-03 19:15:00,615.3098822064323,3201.003200456854,247,Transport
2022-06-03 19:20:00,615.7144952874648,3541.3130936302646,247,Transport
2022-06-03 19:25:00,629.1024998407094,3960.967477453335,247,Transport
2022-06-03 19:30:00,572.0526467474274,4375.908873733891,247,Transport
2022-06-03 19:35:00,253.9183012035699,4473.425158681876,247,Transport
2022-06-03 19:40:00,190.3099082388192,4100.386250173873,247,Transport
2022-06-03 19:45:00,-227.924773664714,4123.905522141427,247,Transport
2022-06-03 19:50:00,-48.73849432142425,3890.999541848754,247,Transport
2022-06-03 19:55:00,-236.19566791087192,3881.911110971474,247,AtRecreation
2022-06-03 21:40:00,-236.19566791087192,3881.911110971474,247,AtRecreation
2022-06-03 21:45:00,-225.9209866450221,3878.053697626113,247,Transport
2022-06-03 21:50:00,-49.330318444446,3986.322344996892,247,Transport
2022-06-03 21:55:00,-133.37526873220492,4111.11260730294,247,Transport
2022-06-03 22:00:00,188.61397305386183,4195.410110193234,247,Transport
2022-06-03 22:05:00,349.0352898431787,4478.16622847438,247,Transport
2022-06-03 22:10:00,580.3965404548777,4280.867776814112,247,Transport
2022-06-03 22:15:00,624.7941609893063,3865.653540506299,247,Transport
2022-06-03 22:20:00,620.679512600292,3446.033492504884,247,Transport
2022-06-03 22:25:00,605.0352009405825,3204.860613802215,247,AtHome
2022-06-04 07:00:00,605.0352009405825,3204.860613802215,247,AtHome
2022-06-04 07:05:00,615.3098822064323,3201.003200456854,247,Transport
2022-06-04 07:10:00,642.1874810231475,2703.295710883523,247,Transport
2022-06-04 07:15:00,641.9345114113765,2283.921131578666,247,Transport
2022-06-04 07:20:00,621.2383910372893,2005.3346159490147,247,AtRestaurant
2022-06-04 07:35:00,621.2383910372893,2005.3346159490147,247,AtRestaurant
2022-06-04 07:40:00,631.5130723031391,2001.4772026036533,247,Transport
2022-06-04 07:45:00,646.5072927151671,2376.165197219661,247,Transport
2022-06-04 07:50:00,640.2712967202582,2795.6074581791536,247,Transport
2022-06-04 07:55:00,605.0352009405825,3204.860613802215,247,AtHome
2022-06-04 12:15:00,605.0352009405825,3204.860613802215,247,AtHome
2022-06-04 12:20:00,615.3098822064323,3201.003200456854,247,Transport
2022-06-04 12:25:00,642.1874810231475,2703.295710883523,247,Transport
2022-06-04 12:30:00,641.9345114113765,2283.921131578666,247,Transport
2022-06-04 12:35:00,621.2383910372893,2005.3346159490147,247,AtRestaurant
2022-06-04 12:50:00,621.2383910372893,2005.3346159490147,247,AtRestaurant
2022-06-04 12:55:00,631.5130723031391,2001.4772026036533,247,Transport
2022-06-04 13:00:00,646.5072927151671,2376.165197219661,247,Transport
2022-06-04 13:05:00,640.2712967202582,2795.6074581791536,247,Transport
2022-06-04 13:10:00,605.0352009405825,3204.860613802215,247,AtHome
2022-06-04 17:30:00,605.0352009405825,3204.860613802215,247,AtHome
2022-06-04 17:35:00,615.3098822064323,3201.003200456854,247,Transport
2022-06-04 17:40:00,642.1874810231475,2703.295710883523,247,Transport
2022-06-04 17:45:00,641.9345114113765,2283.921131578666,247,Transport
2022-06-04 17:50:00,621.2383910372893,2005.3346159490147,247,AtRestaurant
2022-06-04 18:05:00,621.2383910372893,2005.3346159490147,247,AtRestaurant
2022-06-04 18:10:00,631.5130723031391,2001.4772026036533,247,Transport
2022-06-04 18:15:00,646.5072927151671,2376.165197219661,247,Transport
2022-06-04 18:20:00,640.2712967202582,2795.6074581791536,247,Transport
2022-06-04 18:25:00,605.0352009405825,3204.860613802215,247,AtHome
2022-06-05 07:00:00,605.0352009405825,3204.860613802215,247,AtHome
2022-06-05 07:05:00,615.3098822064323,3201.003200456854,247,Transport
2022-06-05 07:10:00,615.7144952874648,3541.3130936302646,247,Transport
2022-06-05 07:15:00,629.1024998407094,3960.967477453335,247,Transport
2022-06-05 07:20:00,572.0526467474274,4375.908873733891,247,Transport
2022-06-05 07:25:00,400.7848268574819,4623.759729032403,247,Transport
2022-06-05 07:30:00,62.08263586794361,4726.762882276073,247,Transport
2022-06-05 07:35:00,-228.5416636098629,4876.192230261836,247,Transport
2022-06-05 07:40:00,-270.7321517972405,5030.008217524723,247,AtRecreation
2022-06-05 10:15:00,-270.7321517972405,5030.008217524723,247,AtRecreation
2022-06-05 10:20:00,-260.45747053139064,5026.150804179361,247,Transport
2022-06-05 10:25:00,-56.31352508268587,4740.277986216306,247,Transport
2022-06-05 10:30:00,361.8254056349728,4702.987428661796,247,Transport
2022-06-05 10:35:00,554.3742530220767,4476.436116406113,247,Transport
2022-06-05 10:40:00,620.3108823479811,4079.478052167119,247,Transport
2022-06-05 10:45:00,616.1141707901548,3660.481135193048,247,Transport
2022-06-05 10:50:00,641.5651457940667,3241.933436648096,247,Transport
2022-06-05 10:55:00,605.0352009405825,3204.860613802215,247,AtHome
2022-06-05 11:00:00,615.3098822064323,3201.003200456854,247,Transport
2022-06-05 11:05:00,615.7144952874648,3541.3130936302646,247,Transport
2022-06-05 11:10:00,629.1024998407094,3960.967477453335,247,Transport
2022-06-05 11:15:00,572.0526467474274,4375.908873733891,247,Transport
2022-06-05 11:20:00,400.7848268574819,4623.759729032403,247,Transport
2022-06-05 11:25:00,62.08263586794361,4726.762882276073,247,Transport
2022-06-05 11:30:00,-228.5416636098629,4876.192230261836,247,Transport
2022-06-05 11:35:00,-270.7321517972405,5030.008217524723,247,AtRecreation
2022-06-05 13:10:00,-270.7321517972405,5030.008217524723,247,AtRecreation
2022-06-05 13:15:00,-260.45747053139064,5026.150804179361,247,Transport
2022-06-05 13:20:00,-56.31352508268587,4740.277986216306,247,Transport
2022-06-05 13:25:00,361.8254056349728,4702.987428661796,247,Transport
2022-06-05 13:30:00,554.3742530220767,4476.436116406113,247,Transport
2022-06-05 13:35:00,620.3108823479811,4079.478052167119,247,Transport
2022-06-05 13:40:00,616.1141707901548,3660.481135193048,247,Transport
2022-06-05 13:45:00,641.5651457940667,3241.933436648096,247,Transport
2022-06-05 13:50:00,605.0352009405825,3204.860613802215,247,AtHome
2022-06-05 13:55:00,615.3098822064323,3201.003200456854,247,Transport
2022-06-05 14:00:00,615.7144952874648,3541.3130936302646,247,Transport
2022-06-05 14:05:00,629.1024998407094,3960.967477453335,247,Transport
2022-06-05 14:10:00,572.0526467474274,4375.908873733891,247,Transport
2022-06-05 14:15:00,400.7848268574819,4623.759729032403,247,Transport
2022-06-05 14:20:00,62.08263586794361,4726.762882276073,247,Transport
2022-06-05 14:25:00,-228.5416636098629,4876.192230261836,247,Transport
2022-06-05 14:30:00,-270.7321517972405,5030.008217524723,247,AtRecreation
2022-06-05 16:35:00,-270.7321517972405,5030.008217524723,247,AtRecreation
2022-06-05 16:40:00,-260.45747053139064,5026.150804179361,247,Transport
2022-06-05 16:45:00,-56.31352508268587,4740.277986216306,247,Transport
2022-06-05 16:50:00,361.8254056349728,4702.987428661796,247,Transport
2022-06-05 16:55:00,554.3742530220767,4476.436116406113,247,Transport
2022-06-05 17:00:00,620.3108823479811,4079.478052167119,247,Transport
2022-06-05 17:05:00,616.1141707901548,3660.481135193048,247,Transport
2022-06-05 17:10:00,641.5651457940667,3241.933436648096,247,Transport
2022-06-05 17:15:00,605.0352009405825,3204.860613802215,247,AtHome
2022-06-06 07:10:00,605.0352009405825,3204.860613802215,247,AtHome
2022-06-06 07:15:00,615.3098822064323,3201.003200456854,247,Transport
2022-06-06 07:20:00,615.7144952874648,3541.3130936302646,247,Transport
2022-06-06 07:25:00,629.1024998407094,3960.967477453335,247,Transport
2022-06-06 07:30:00,926.3079687295595,4083.869339018834,247,Transport
2022-06-06 07:35:00,858.6274291297271,4394.198158029892,247,AtWork
2022-06-06 11:40:00,858.6274291297271,4394.198158029892,247,AtWork
2022-06-06 11:45:00,868.902110395577,4390.34074468453,247,Transport
2022-06-06 11:50:00,709.5155648477144,4482.374039900515,247,Transport
2022-06-06 11:55:00,687.9664346058763,4396.274081528693,247,AtRestaurant
2022-06-06 12:10:00,687.9664346058763,4396.274081528693,247,AtRestaurant
2022-06-06 12:15:00,698.2411158717262,4392.416668183332,247,Transport
2022-06-06 12:20:00,858.6274291297271,4394.198158029892,247,AtWork
2022-06-06 16:10:00,858.6274291297271,4394.198158029892,247,AtWork
2022-06-06 16:15:00,868.902110395577,4390.34074468453,247,Transport
2022-06-06 16:20:00,828.0037422444615,4056.043368774391,247,Transport
2022-06-06 16:25:00,623.3748718539276,3839.641921022485,247,Transport
2022-06-06 16:30:00,622.6455910247329,3420.0719595151027,247,Transport
2022-06-06 16:35:00,605.0352009405825,3204.860613802215,247,AtHome
2022-06-07 07:10:00,605.0352009405825,3204.860613802215,247,AtHome
2022-06-07 07:15:00,615.3098822064323,3201.003200456854,247,Transport
2022-06-07 07:20:00,615.7144952874648,3541.3130936302646,247,Transport
2022-06-07 07:25:00,629.1024998407094,3960.967477453335,247,Transport
2022-06-07 07:30:00,926.3079687295595,4083.869339018834,247,Transport
2022-06-07 07:35:00,858.6274291297271,4394.198158029892,247,AtWork
2022-06-07 11:40:00,858.6274291297271,4394.198158029892,247,AtWork
2022-06-07 11:45:00,868.902110395577,4390.34074468453,247,Transport
2022-06-07 11:50:00,709.5155648477144,4482.374039900515,247,Transport
2022-06-07 11:55:00,687.9664346058763,4396.274081528693,247,AtRestaurant
2022-06-07 12:10:00,687.9664346058763,4396.274081528693,247,AtRestaurant
2022-06-07 12:15:00,698.2411158717262,4392.416668183332,247,Transport
2022-06-07 12:20:00,858.6274291297271,4394.198158029892,247,AtWork
2022-06-07 16:10:00,858.6274291297271,4394.198158029892,247,AtWork
2022-06-07 16:15:00,868.902110395577,4390.34074468453,247,Transport
2022-06-07 16:20:00,828.0037422444615,4056.043368774391,247,Transport
2022-06-07 16:25:00,623.3748718539276,3839.641921022485,247,Transport
2022-06-07 16:30:00,622.6455910247329,3420.0719595151027,247,Transport
2022-06-07 16:35:00,605.0352009405825,3204.860613802215,247,AtHome
2022-06-07 16:50:00,605.0352009405825,3204.860613802215,247,AtHome
2022-06-07 16:55:00,615.3098822064323,3201.003200456854,247,Transport
2022-06-07 17:00:00,642.1874810231475,2703.295710883523,247,Transport
2022-06-07 17:05:00,641.9345114113765,2283.921131578666,247,Transport
2022-06-07 17:10:00,621.2383910372893,2005.3346159490147,247,AtRestaurant
2022-06-07 17:25:00,621.2383910372893,2005.3346159490147,247,AtRestaurant
2022-06-07 17:30:00,631.5130723031391,2001.4772026036533,247,Transport
2022-06-07 17:35:00,646.5072927151671,2376.165197219661,247,Transport
2022-06-07 17:40:00,640.2712967202582,2795.6074581791536,247,Transport
2022-06-07 17:45:00,605.0352009405825,3204.860613802215,247,AtHome
2022-06-07 22:05:00,605.0352009405825,3204.860613802215,247,AtHome
2022-06-07 22:10:00,615.3098822064323,3201.003200456854,247,Transport
2022-06-07 22:15:00,642.1874810231475,2703.295710883523,247,Transport
2022-06-07 22:20:00,641.9345114113765,2283.921131578666,247,Transport
2022-06-07 22:25:00,621.2383910372893,2005.3346159490147,247,AtRestaurant
2022-06-07 22:30:00,631.5130723031391,2001.4772026036533,247,Transport
2022-06-07 22:35:00,646.5072927151671,2376.165197219661,247,Transport
2022-06-07 22:40:00,640.2712967202582,2795.6074581791536,247,Transport
2022-06-07 22:45:00,605.0352009405825,3204.860613802215,247,AtHome
2022-07-01 07:10:00,605.0352009405825,3204.860613802215,247,AtHome
2022-07-01 07:15:00,615.3098822064323,3201.003200456854,247,Transport
2022-07-01 07:20:00,615.7144952874648,3541.3130936302646,247,Transport
2022-07-01 07:25:00,629.1024998407094,3960.967477453335,247,Transport
2022-07-01 07:30:00,926.3079687295595,4083.869339018834,247,Transport
2022-07-01 07:35:00,858.6274291297271,4394.198158029892,247,AtWork
2022-07-01 11:40:00,858.6274291297271,4394.198158029892,247,AtWork
2022-07-01 11:45:00,868.902110395577,4390.34074468453,247,Transport
2022-07-01 11:50:00,709.5155648477144,4482.374039900515,247,Transport
2022-07-01 11:55:00,687.9664346058763,4396.274081528693,247,AtRestaurant
2022-07-01 12:10:00,687.9664346058763,4396.274081528693,247,AtRestaurant
2022-07-01 12:15:00,698.2411158717262,4392.416668183332,247,Transport
2022-07-01 12:20:00,858.6274291297271,4394.198158029892,247,AtWork
2022-07-01 16:10:00,858.6274291297271,4394.198158029892,247,AtWork
2022-07-01 16:15:00,868.902110395577,4390.34074468453,247,Transport
2022-07-01 16:20:00,828.0037422444615,4056.043368774391,247,Transport
2022-07-01 16:25:00,623.3748718539276,3839.641921022485,247,Transport
2022-07-01 16:30:00,622.6455910247329,3420.0719595151027,247,Transport
2022-07-01 16:35:00,605.0352009405825,3204.860613802215,247,AtHome
2022-07-01 16:50:00,605.0352009405825,3204.860613802215,247,AtHome
2022-07-01 16:55:00,615.3098822064323,3201.003200456854,247,Transport
2022-07-01 17:00:00,642.1874810231475,2703.295710883523,247,Transport
2022-07-01 17:05:00,641.9345114113765,2283.921131578666,247,Transport
2022-07-01 17:10:00,621.2383910372893,2005.3346159490147,247,AtRestaurant
2022-07-01 17:25:00,621.2383910372893,2005.3346159490147,247,AtRestaurant
2022-07-01 17:30:00,631.5130723031391,2001.4772026036533,247,Transport
2022-07-01 17:35:00,646.5072927151671,2376.165197219661,247,Transport
2022-07-01 17:40:00,640.2712967202582,2795.6074581791536,247,Transport
2022-07-01 17:45:00,605.0352009405825,3204.860613802215,247,AtHome
2022-07-02 07:00:00,605.0352009405825,3204.860613802215,247,AtHome
2022-07-02 07:05:00,615.3098822064323,3201.003200456854,247,Transport
2022-07-02 07:10:00,642.1874810231475,2703.295710883523,247,Transport
2022-07-02 07:15:00,641.9345114113765,2283.921131578666,247,Transport
2022-07-02 07:20:00,621.2383910372893,2005.3346159490147,247,AtRestaurant
2022-07-02 07:35:00,621.2383910372893,2005.3346159490147,247,AtRestaurant
2022-07-02 07:40:00,631.5130723031391,2001.4772026036533,247,Transport
2022-07-02 07:45:00,646.5072927151671,2376.165197219661,247,Transport
2022-07-02 07:50:00,640.2712967202582,2795.6074581791536,247,Transport
2022-07-02 07:55:00,605.0352009405825,3204.860613802215,247,AtHome
2022-07-02 08:00:00,615.3098822064323,3201.003200456854,247,Transport
2022-07-02 08:05:00,615.7144952874648,3541.3130936302646,247,Transport
2022-07-02 08:10:00,629.1024998407094,3960.967477453335,247,Transport
2022-07-02 08:15:00,572.0526467474274,4375.908873733891,247,Transport
2022-07-02 08:20:00,253.9183012035699,4473.425158681876,247,Transport
2022-07-02 08:25:00,190.3099082388192,4100.386250173873,247,Transport
2022-07-02 08:30:00,-227.924773664714,4123.905522141427,247,Transport
2022-07-02 08:35:00,-48.73849432142425,3890.999541848754,247,Transport
2022-07-02 08:40:00,-236.19566791087192,3881.911110971474,247,AtRecreation
2022-07-02 10:20:00,-236.19566791087192,3881.911110971474,247,AtRecreation
2022-07-02 10:25:00,-225.9209866450221,3878.053697626113,247,Transport
2022-07-02 10:30:00,-49.330318444446,3986.322344996892,247,Transport
2022-07-02 10:35:00,-133.37526873220492,4111.11260730294,247,Transport
2022-07-02 10:40:00,188.61397305386183,4195.410110193234,247,Transport
2022-07-02 10:45:00,349.0352898431787,4478.16622847438,247,Transport
2022-07-02 10:50:00,580.3965404548777,4280.867776814112,247,Transport
2022-07-02 10:55:00,624.7941609893063,3865.653540506299,247,Transport
2022-07-02 11:00:00,620.679512600292,3446.033492504884,247,Transport
2022-07-02 11:05:00,605.0352009405825,3204.860613802215,247,AtHome
2022-07-02 11:10:00,615.3098822064323,3201.003200456854,247,Transport
2022-07-02 11:15:00,615.7144952874648,3541.3130936302646,247,Transport
2022-07-02 11:20:00,629.1024998407094,3960.967477453335,247,Transport
2022-07-02 11:25:00,572.0526467474274,4375.908873733891,247,Transport
2022-07-02 11:30:00,400.7848268574819,4623.759729032403,247,Transport
2022-07-02 11:35:00,62.08263586794361,4726.762882276073,247,Transport
2022-07-02 11:40:00,-228.5416636098629,4876.192230261836,247,Transport
2022-07-02 11:45:00,-270.7321517972405,5030.008217524723,247,AtRecreation
2022-07-02 13:55:00,-270.7321517972405,5030.008217524723,247,AtRecreation
2022-07-02 14:00:00,-260.45747053139064,5026.150804179361,247,Transport
2022-07-02 14:05:00,-56.31352508268587,4740.277986216306,247,Transport
2022-07-02 14:10:00,361.8254056349728,4702.987428661796,247,Transport
2022-07-02 14:15:00,554.3742530220767,4476.436116406113,247,Transport
2022-07-02 14:20:00,620.3108823479811,4079.478052167119,247,Transport
2022-07-02 14:25:00,616.1141707901548,3660.481135193048,247,Transport
2022-07-02 14:30:00,641.5651457940667,3241.933436648096,247,Transport
2022-07-02 14:35:00,605.0352009405825,3204.860613802215,247,AtHome
2022-07-02 14:40:00,615.3098822064323,3201.003200456854,247,Transport
2022-07-02 14:45:00,615.7144952874648,3541.3130936302646,247,Transport
2022-07-02 14:50:00,629.1024998407094,3960.967477453335,247,Transport
2022-07-02 14:55:00,572.0526467474274,4375.908873733891,247,Transport
2022-07-02 15:00:00,400.7848268574819,4623.759729032403,247,Transport
2022-07-02 15:05:00,62.08263586794361,4726.762882276073,247,Transport
2022-07-02 15:10:00,-228.5416636098629,4876.192230261836,247,Transport
2022-07-02 15:15:00,-270.7321517972405,5030.008217524723,247,AtRecreation
2022-07-02 16:30:00,-270.7321517972405,5030.008217524723,247,AtRecreation
2022-07-02 16:35:00,-260.45747053139064,5026.150804179361,247,Transport
2022-07-02 16:40:00,-56.31352508268587,4740.277986216306,247,Transport
2022-07-02 16:45:00,361.8254056349728,4702.987428661796,247,Transport
2022-07-02 16:50:00,554.3742530220767,4476.436116406113,247,Transport
2022-07-02 16:55:00,620.3108823479811,4079.478052167119,247,Transport
2022-07-02 17:00:00,616.1141707901548,3660.481135193048,247,Transport
2022-07-02 17:05:00,641.5651457940667,3241.933436648096,247,Transport
2022-07-02 17:10:00,605.0352009405825,3204.860613802215,247,AtHome
2022-07-03 11:40:00,605.0352009405825,3204.860613802215,247,AtHome
2022-07-03 11:45:00,615.3098822064323,3201.003200456854,247,Transport
2022-07-03 11:50:00,642.1874810231475,2703.295710883523,247,Transport
2022-07-03 11:55:00,641.9345114113765,2283.921131578666,247,Transport
2022-07-03 12:00:00,621.2383910372893,2005.3346159490147,247,AtRestaurant
2022-07-03 12:15:00,621.2383910372893,2005.3346159490147,247,AtRestaurant
2022-07-03 12:20:00,631.5130723031391,2001.4772026036533,247,Transport
2022-07-03 12:25:00,646.5072927151671,2376.165197219661,247,Transport
2022-07-03 12:30:00,640.2712967202582,2795.6074581791536,247,Transport
2022-07-03 12:35:00,605.0352009405825,3204.860613802215,247,AtHome
2022-07-03 16:55:00,605.0352009405825,3204.860613802215,247,AtHome
2022-07-03 17:00:00,615.3098822064323,3201.003200456854,247,Transport
2022-07-03 17:05:00,642.1874810231475,2703.295710883523,247,Transport
2022-07-03 17:10:00,641.9345114113765,2283.921131578666,247,Transport
2022-07-03 17:15:00,621.2383910372893,2005.3346159490147,247,AtRestaurant
2022-07-03 17:30:00,621.2383910372893,2005.3346159490147,247,AtRestaurant
2022-07-03 17:35:00,631.5130723031391,2001.4772026036533,247,Transport
2022-07-03 17:40:00,646.5072927151671,2376.165197219661,247,Transport
2022-07-03 17:45:00,640.2712967202582,2795.6074581791536,247,Transport
2022-07-03 17:50:00,605.0352009405825,3204.860613802215,247,AtHome
2022-07-04 07:10:00,605.0352009405825,3204.860613802215,247,AtHome
2022-07-04 07:15:00,615.3098822064323,3201.003200456854,247,Transport
2022-07-04 07:20:00,615.7144952874648,3541.3130936302646,247,Transport
2022-07-04 07:25:00,629.1024998407094,3960.967477453335,247,Transport
2022-07-04 07:30:00,926.3079687295595,4083.869339018834,247,Transport
2022-07-04 07:35:00,858.6274291297271,4394.198158029892,247,AtWork
2022-07-04 11:40:00,858.6274291297271,4394.198158029892,247,AtWork
2022-07-04 11:45:00,868.902110395577,4390.34074468453,247,Transport
2022-07-04 11:50:00,709.5155648477144,4482.374039900515,247,Transport
2022-07-04 11:55:00,687.9664346058763,4396.274081528693,247,AtRestaurant
2022-07-04 12:10:00,687.9664346058763,4396.274081528693,247,AtRestaurant
2022-07-04 12:15:00,698.2411158717262,4392.416668183332,247,Transport
2022-07-04 12:20:00,858.6274291297271,4394.198158029892,247,AtWork
2022-07-04 16:10:00,858.6274291297271,4394.198158029892,247,AtWork
2022-07-04 16:15:00,868.902110395577,4390.34074468453,247,Transport
2022-07-04 16:20:00,828.0037422444615,4056.043368774391,247,Transport
2022-07-04 16:25:00,623.3748718539276,3839.641921022485,247,Transport
2022-07-04 16:30:00,622.6455910247329,3420.0719595151027,247,Transport
2022-07-04 16:35:00,605.0352009405825,3204.860613802215,247,AtHome
2022-07-04 16:50:00,605.0352009405825,3204.860613802215,247,AtHome
2022-07-04 16:55:00,615.3098822064323,3201.003200456854,247,Transport
2022-07-04 17:00:00,642.1874810231475,2703.295710883523,247,Transport
2022-07-04 17:05:00,641.9345114113765,2283.921131578666,247,Transport
2022-07-04 17:10:00,621.2383910372893,2005.3346159490147,247,AtRestaurant
2022-07-04 17:25:00,621.2383910372893,2005.3346159490147,247,AtRestaurant
2022-07-04 17:30:00,631.5130723031391,2001.4772026036533,247,Transport
2022-07-04 17:35:00,646.5072927151671,2376.165197219661,247,Transport
2022-07-04 17:40:00,640.2712967202582,2795.6074581791536,247,Transport
2022-07-04 17:45:00,605.0352009405825,3204.860613802215,247,AtHome
2022-07-04 22:05:00,605.0352009405825,3204.860613802215,247,AtHome
2022-07-04 22:10:00,615.3098822064323,3201.003200456854,247,Transport
2022-07-04 22:15:00,642.1874810231475,2703.295710883523,247,Transport
2022-07-04 22:20:00,641.9345114113765,2283.921131578666,247,Transport
2022-07-04 22:25:00,621.2383910372893,2005.3346159490147,247,AtRestaurant
2022-07-04 22:30:00,631.5130723031391,2001.4772026036533,247,Transport
2022-07-04 22:35:00,646.5072927151671,2376.165197219661,247,Transport
2022-07-04 22:40:00,640.2712967202582,2795.6074581791536,247,Transport
2022-07-04 22:45:00,605.0352009405825,3204.860613802215,247,AtHome
2022-07-05 07:10:00,605.0352009405825,3204.860613802215,247,AtHome
2022-07-05 07:15:00,615.3098822064323,3201.003200456854,247,Transport
2022-07-05 07:20:00,615.7144952874648,3541.3130936302646,247,Transport
2022-07-05 07:25:00,629.1024998407094,3960.967477453335,247,Transport
2022-07-05 07:30:00,926.3079687295595,4083.869339018834,247,Transport
2022-07-05 07:35:00,858.6274291297271,4394.198158029892,247,AtWork
2022-07-05 11:40:00,858.6274291297271,4394.198158029892,247,AtWork
2022-07-05 11:45:00,868.902110395577,4390.34074468453,247,Transport
2022-07-05 11:50:00,709.5155648477144,4482.374039900515,247,Transport
2022-07-05 11:55:00,687.9664346058763,4396.274081528693,247,AtRestaurant
2022-07-05 12:10:00,687.9664346058763,4396.274081528693,247,AtRestaurant
2022-07-05 12:15:00,698.2411158717262,4392.416668183332,247,Transport
2022-07-05 12:20:00,858.6274291297271,4394.198158029892,247,AtWork
2022-07-05 16:10:00,858.6274291297271,4394.198158029892,247,AtWork
2022-07-05 16:15:00,868.902110395577,4390.34074468453,247,Transport
2022-07-05 16:20:00,828.0037422444615,4056.043368774391,247,Transport
2022-07-05 16:25:00,623.3748718539276,3839.641921022485,247,Transport
2022-07-05 16:30:00,622.6455910247329,3420.0719595151027,247,Transport
2022-07-05 16:35:00,605.0352009405825,3204.860613802215,247,AtHome
2022-07-05 16:50:00,605.0352009405825,3204.860613802215,247,AtHome
2022-07-05 16:55:00,615.3098822064323,3201.003200456854,247,Transport
2022-07-05 17:00:00,642.1874810231475,2703.295710883523,247,Transport
2022-07-05 17:05:00,641.9345114113765,2283.921131578666,247,Transport
2022-07-05 17:10:00,621.2383910372893,2005.3346159490147,247,AtRestaurant
2022-07-05 17:25:00,621.2383910372893,2005.3346159490147,247,AtRestaurant
2022-07-05 17:30:00,631.5130723031391,2001.4772026036533,247,Transport
2022-07-05 17:35:00,646.5072927151671,2376.165197219661,247,Transport
2022-07-05 17:40:00,640.2712967202582,2795.6074581791536,247,Transport
2022-07-05 17:45:00,605.0352009405825,3204.860613802215,247,AtHome
2022-07-06 07:10:00,605.0352009405825,3204.860613802215,247,AtHome
2022-07-06 07:15:00,615.3098822064323,3201.003200456854,247,Transport
2022-07-06 07:20:00,615.7144952874648,3541.3130936302646,247,Transport
2022-07-06 07:25:00,629.1024998407094,3960.967477453335,247,Transport
2022-07-06 07:30:00,926.3079687295595,4083.869339018834,247,Transport
2022-07-06 07:35:00,858.6274291297271,4394.198158029892,247,AtWork
2022-07-06 11:40:00,858.6274291297271,4394.198158029892,247,AtWork
2022-07-06 11:45:00,868.902110395577,4390.34074468453,247,Transport
2022-07-06 11:50:00,709.5155648477144,4482.374039900515,247,Transport
2022-07-06 11:55:00,687.9664346058763,4396.274081528693,247,AtRestaurant
2022-07-06 12:10:00,687.9664346058763,4396.274081528693,247,AtRestaurant
2022-07-06 12:15:00,698.2411158717262,4392.416668183332,247,Transport
2022-07-06 12:20:00,858.6274291297271,4394.198158029892,247,AtWork
2022-07-06 16:10:00,858.6274291297271,4394.198158029892,247,AtWork
2022-07-06 16:15:00,868.902110395577,4390.34074468453,247,Transport
2022-07-06 16:20:00,828.0037422444615,4056.043368774391,247,Transport
2022-07-06 16:25:00,623.3748718539276,3839.641921022485,247,Transport
2022-07-06 16:30:00,622.6455910247329,3420.0719595151027,247,Transport
2022-07-06 16:35:00,605.0352009405825,3204.860613802215,247,AtHome
2022-07-06 16:50:00,605.0352009405825,3204.860613802215,247,AtHome
2022-07-06 16:55:00,615.3098822064323,3201.003200456854,247,Transport
2022-07-06 17:00:00,642.1874810231475,2703.295710883523,247,Transport
2022-07-06 17:05:00,641.9345114113765,2283.921131578666,247,Transport
2022-07-06 17:10:00,621.2383910372893,2005.3346159490147,247,AtRestaurant
2022-07-06 17:25:00,621.2383910372893,2005.3346159490147,247,AtRestaurant
2022-07-06 17:30:00,631.5130723031391,2001.4772026036533,247,Transport
2022-07-06 17:35:00,646.5072927151671,2376.165197219661,247,Transport
2022-07-06 17:40:00,640.2712967202582,2795.6074581791536,247,Transport
2022-07-06 17:45:00,605.0352009405825,3204.860613802215,247,AtHome
2022-07-06 22:05:00,605.0352009405825,3204.860613802215,247,AtHome
2022-07-06 22:10:00,615.3098822064323,3201.003200456854,247,Transport
2022-07-06 22:15:00,642.1874810231475,2703.295710883523,247,Transport
2022-07-06 22:20:00,641.9345114113765,2283.921131578666,247,Transport
2022-07-06 22:25:00,621.2383910372893,2005.3346159490147,247,AtRestaurant
2022-07-06 22:30:00,631.5130723031391,2001.4772026036533,247,Transport
2022-07-06 22:35:00,646.5072927151671,2376.165197219661,247,Transport
2022-07-06 22:40:00,640.2712967202582,2795.6074581791536,247,Transport
2022-07-06 22:45:00,605.0352009405825,3204.860613802215,247,AtHome
2022-07-07 07:10:00,605.0352009405825,3204.860613802215,247,AtHome
2022-07-07 07:15:00,615.3098822064323,3201.003200456854,247,Transport
2022-07-07 07:20:00,615.7144952874648,3541.3130936302646,247,Transport
2022-07-07 07:25:00,629.1024998407094,3960.967477453335,247,Transport
2022-07-07 07:30:00,926.3079687295595,4083.869339018834,247,Transport
2022-07-07 07:35:00,858.6274291297271,4394.198158029892,247,AtWork
2022-07-07 11:40:00,858.6274291297271,4394.198158029892,247,AtWork
2022-07-07 11:45:00,868.902110395577,4390.34074468453,247,Transport
2022-07-07 11:50:00,709.5155648477144,4482.374039900515,247,Transport
2022-07-07 11:55:00,687.9664346058763,4396.274081528693,247,AtRestaurant
2022-07-07 12:10:00,687.9664346058763,4396.274081528693,247,AtRestaurant
2022-07-07 12:15:00,698.2411158717262,4392.416668183332,247,Transport
2022-07-07 12:20:00,858.6274291297271,4394.198158029892,247,AtWork
2022-07-07 16:10:00,858.6274291297271,4394.198158029892,247,AtWork
2022-07-07 16:15:00,868.902110395577,4390.34074468453,247,Transport
2022-07-07 16:20:00,828.0037422444615,4056.043368774391,247,Transport
2022-07-07 16:25:00,623.3748718539276,3839.641921022485,247,Transport
2022-07-07 16:30:00,622.6455910247329,3420.0719595151027,247,Transport
2022-07-07 16:35:00,605.0352009405825,3204.860613802215,247,AtHome
2022-07-07 16:40:00,615.3098822064323,3201.003200456854,247,Transport
2022-07-07 16:45:00,615.7144952874648,3541.3130936302646,247,Transport
2022-07-07 16:50:00,912.1358292519776,3665.7790038627113,247,Transport
2022-07-07 16:55:00,954.1633419054704,3995.460887129569,247,AtRecreation
2022-07-07 19:10:00,954.1633419054704,3995.460887129569,247,AtRecreation
2022-07-07 19:15:00,964.4380231713202,3991.603473784208,247,Transport
2022-07-07 19:20:00,827.6022596364746,3665.049294080348,247,Transport
2022-07-07 19:25:00,620.0233251212022,3456.885740287757,247,Transport
2022-07-07 19:30:00,605.0352009405825,3204.860613802215,247,AtHome
2022-07-07 19:35:00,615.3098822064323,3201.003200456854,247,Transport
2022-07-07 19:40:00,615.7144952874648,3541.3130936302646,247,Transport
2022-07-07 19:45:00,629.1024998407094,3960.967477453335,247,Transport
2022-07-07 19:50:00,572.0526467474274,4375.908873733891,247,Transport
2022-07-07 19:55:00,400.7848268574819,4623.759729032403,247,Transport
2022-07-07 20:00:00,62.08263586794361,4726.762882276073,247,Transport
2022-07-07 20:05:00,-228.5416636098629,4876.192230261836,247,Transport
2022-07-07 20:10:00,-270.7321517972405,5030.008217524723,247,AtRecreation
2022-07-07 21:55:00,-270.7321517972405,5030.008217524723,247,AtRecreation
2022-07-07 22:00:00,-260.45747053139064,5026.150804179361,247,Transport
2022-07-07 22:05:00,-56.31352508268587,4740.277986216306,247,Transport
2022-07-07 22:10:00,361.8254056349728,4702.987428661796,247,Transport
2022-07-07 22:15:00,554.3742530220767,4476.436116406113,247,Transport
2022-07-07 22:20:00,620.3108823479811,4079.478052167119,247,Transport
2022-07-07 22:25:00,616.1141707901548,3660.481135193048,247,Transport
2022-07-07 22:30:00,641.5651457940667,3241.933436648096,247,Transport
2022-07-07 22:35:00,605.0352009405825,3204.860613802215,247,AtHome
2022-08-01 07:10:00,605.0352009405825,3204.860613802215,247,AtHome
2022-08-01 07:15:00,615.3098822064323,3201.003200456854,247,Transport
2022-08-01 07:20:00,615.7144952874648,3541.3130936302646,247,Transport
2022-08-01 07:25:00,629.1024998407094,3960.967477453335,247,Transport
2022-08-01 07:30:00,926.3079687295595,4083.869339018834,247,Transport
2022-08-01 07:35:00,858.6274291297271,4394.198158029892,247,AtWork
2022-08-01 11:40:00,858.6274291297271,4394.198158029892,247,AtWork
2022-08-01 11:45:00,868.902110395577,4390.34074468453,247,Transport
2022-08-01 11:50:00,709.5155648477144,4482.374039900515,247,Transport
2022-08-01 11:55:00,687.9664346058763,4396.274081528693,247,AtRestaurant
2022-08-01 12:10:00,687.9664346058763,4396.274081528693,247,AtRestaurant
2022-08-01 12:15:00,698.2411158717262,4392.416668183332,247,Transport
2022-08-01 12:20:00,858.6274291297271,4394.198158029892,247,AtWork
2022-08-01 16:10:00,858.6274291297271,4394.198158029892,247,AtWork
2022-08-01 16:15:00,868.902110395577,4390.34074468453,247,Transport
2022-08-01 16:20:00,828.0037422444615,4056.043368774391,247,Transport
2022-08-01 16:25:00,623.3748718539276,3839.641921022485,247,Transport
2022-08-01 16:30:00,622.6455910247329,3420.0719595151027,247,Transport
2022-08-01 16:35:00,605.0352009405825,3204.860613802215,247,AtHome
2022-08-01 16:40:00,615.3098822064323,3201.003200456854,247,Transport
2022-08-01 16:45:00,642.1874810231475,2703.295710883523,247,Transport
2022-08-01 16:50:00,641.9345114113765,2283.921131578666,247,Transport
2022-08-01 16:55:00,597.6053877120731,1868.122039508908,247,Transport
2022-08-01 17:00:00,646.4716470621729,1451.092481224494,247,Transport
2022-08-01 17:05:00,663.7893494011146,1032.0039626535388,247,Transport
2022-08-01 17:10:00,760.1532231729477,936.4426136668365,247,AtRecreation
2022-08-01 17:15:00,770.4279044387976,932.5852003214752,247,Transport
2022-08-01 17:20:00,533.243532438734,1067.052320700562,247,Transport
2022-08-01 17:25:00,403.5653194400262,1197.9861075743092,247,AtRestaurant
2022-08-01 17:40:00,403.5653194400262,1197.9861075743092,247,AtRestaurant
2022-08-01 17:45:00,413.840000705876,1194.128694228948,247,Transport
2022-08-01 17:50:00,653.0249310096121,1045.6277551766495,247,Transport
2022-08-01 17:55:00,760.1532231729477,936.4426136668365,247,AtRecreation
2022-08-01 18:10:00,760.1532231729477,936.4426136668365,247,AtRecreation
2022-08-01 18:15:00,770.4279044387976,932.5852003214752,247,Transport
2022-08-01 18:20:00,656.4955189778115,1175.025809132529,247,Transport
2022-08-01 18:25:00,630.057443387326,1593.6485457451097,247,Transport
2022-08-01 18:30:00,600.3299130282309,2011.5630085733385,247,Transport
2022-08-01 18:35:00,649.9382662694971,2427.1840488094285,247,Transport
2022-08-01 18:40:00,640.8887516017862,2846.737816544204,247,Transport
2022-08-01 18:45:00,605.0352009405825,3204.860613802215,247,AtHome
2022-08-01 18:50:00,615.3098822064323,3201.003200456854,247,Transport
2022-08-01 18:55:00,615.7144952874648,3541.3130936302646,247,Transport
2022-08-01 19:00:00,912.1358292519776,3665.7790038627113,247,Transport
2022-08-01 19:05:00,954.1633419054704,3995.460887129569,247,AtRecreation
2022-08-01 20:30:00,954.1633419054704,3995.460887129569,247,AtRecreation
2022-08-01 20:35:00,964.4380231713202,3991.603473784208,247,Transport
2022-08-01 20:40:00,827.6022596364746,3665.049294080348,247,Transport
2022-08-01 20:45:00,620.0233251212022,3456.885740287757,247,Transport
2022-08-01 20:50:00,605.0352009405825,3204.860613802215,247,AtHome
2022-08-01 20:55:00,615.3098822064323,3201.003200456854,247,Transport
2022-08-01 21:00:00,615.7144952874648,3541.3130936302646,247,Transport
2022-08-01 21:05:00,629.1024998407094,3960.967477453335,247,Transport
2022-08-01 21:10:00,572.0526467474274,4375.908873733891,247,Transport
2022-08-01 21:15:00,400.7848268574819,4623.759729032403,247,Transport
2022-08-01 21:20:00,62.08263586794361,4726.762882276073,247,Transport
2022-08-01 21:25:00,-228.5416636098629,4876.192230261836,247,Transport
2022-08-01 21:30:00,-270.7321517972405,5030.008217524723,247,AtRecreation
2022-08-01 22:20:00,-270.7321517972405,5030.008217524723,247,AtRecreation
2022-08-01 22:25:00,-260.45747053139064,5026.150804179361,247,Transport
2022-08-01 22:30:00,-56.31352508268587,4740.277986216306,247,Transport
2022-08-01 22:35:00,361.8254056349728,4702.987428661796,247,Transport
2022-08-01 22:40:00,554.3742530220767,4476.436116406113,247,Transport
2022-08-01 22:45:00,687.9664346058763,4396.274081528693,247,AtRestaurant
2022-08-01 22:50:00,698.2411158717262,4392.416668183332,247,Transport
2022-08-01 22:55:00,604.4333856450602,4151.421139320504,247,Transport
2022-08-01 23:00:00,618.6701169170694,3734.110755280477,247,Transport
2022-08-01 23:05:00,637.1322281595055,3315.474254783034,247,Transport
2022-08-01 23:10:00,605.0352009405825,3204.860613802215,247,AtHome
2022-08-02 07:10:00,605.0352009405825,3204.860613802215,247,AtHome
2022-08-02 07:15:00,615.3098822064323,3201.003200456854,247,Transport
2022-08-02 07:20:00,615.7144952874648,3541.3130936302646,247,Transport
2022-08-02 07:25:00,629.1024998407094,3960.967477453335,247,Transport
2022-08-02 07:30:00,926.3079687295595,4083.869339018834,247,Transport
2022-08-02 07:35:00,858.6274291297271,4394.198158029892,247,AtWork
2022-08-02 11:40:00,858.6274291297271,4394.198158029892,247,AtWork
2022-08-02 11:45:00,868.902110395577,4390.34074468453,247,Transport
2022-08-02 11:50:00,709.5155648477144,4482.374039900515,247,Transport
2022-08-02 11:55:00,687.9664346058763,4396.274081528693,247,AtRestaurant
2022-08-02 12:10:00,687.9664346058763,4396.274081528693,247,AtRestaurant
2022-08-02 12:15:00,698.2411158717262,4392.416668183332,247,Transport
2022-08-02 12:20:00,858.6274291297271,4394.198158029892,247,AtWork
2022-08-02 16:10:00,858.6274291297271,4394.198158029892,247,AtWork
2022-08-02 16:15:00,868.902110395577,4390.34074468453,247,Transport
2022-08-02 16:20:00,828.0037422444615,4056.043368774391,247,Transport
2022-08-02 16:25:00,623.3748718539276,3839.641921022485,247,Transport
2022-08-02 16:30:00,622.6455910247329,3420.0719595151027,247,Transport
2022-08-02 16:35:00,605.0352009405825,3204.860613802215,247,AtHome
2022-08-02 21:30:00,605.0352009405825,3204.860613802215,247,AtHome
2022-08-02 21:35:00,615.3098822064323,3201.003200456854,247,Transport
2022-08-02 21:40:00,642.1874810231475,2703.295710883523,247,Transport
2022-08-02 21:45:00,641.9345114113765,2283.921131578666,247,Transport
2022-08-02 21:50:00,621.2383910372893,2005.3346159490147,247,AtRestaurant
2022-08-02 22:05:00,621.2383910372893,2005.3346159490147,247,AtRestaurant
2022-08-02 22:10:00,631.5130723031391,2001.4772026036533,247,Transport
2022-08-02 22:15:00,646.5072927151671,2376.165197219661,247,Transport
2022-08-02 22:20:00,640.2712967202582,2795.6074581791536,247,Transport
2022-08-02 22:25:00,605.0352009405825,3204.860613802215,247,AtHome
2022-08-03 07:10:00,605.0352009405825,3204.860613802215,247,AtHome
2022-08-03 07:15:00,615.3098822064323,3201.003200456854,247,Transport
2022-08-03 07:20:00,615.7144952874648,3541.3130936302646,247,Transport
2022-08-03 07:25:00,629.1024998407094,3960.967477453335,247,Transport
2022-08-03 07:30:00,926.3079687295595,4083.869339018834,247,Transport
2022-08-03 07:35:00,858.6274291297271,4394.198158029892,247,AtWork
2022-08-03 11:40:00,858.6274291297271,4394.198158029892,247,AtWork
2022-08-03 11:45:00,868.902110395577,4390.34074468453,247,Transport
2022-08-03 11:50:00,709.5155648477144,4482.374039900515,247,Transport
2022-08-03 11:55:00,687.9664346058763,4396.274081528693,247,AtRestaurant
2022-08-03 12:10:00,687.9664346058763,4396.274081528693,247,AtRestaurant
2022-08-03 12:15:00,698.2411158717262,4392.416668183332,247,Transport
2022-08-03 12:20:00,858.6274291297271,4394.198158029892,247,AtWork
2022-08-03 16:10:00,858.6274291297271,4394.198158029892,247,AtWork
2022-08-03 16:15:00,868.902110395577,4390.34074468453,247,Transport
2022-08-03 16:20:00,828.0037422444615,4056.043368774391,247,Transport
2022-08-03 16:25:00,623.3748718539276,3839.641921022485,247,Transport
2022-08-03 16:30:00,622.6455910247329,3420.0719595151027,247,Transport
2022-08-03 16:35:00,605.0352009405825,3204.860613802215,247,AtHome
2022-08-03 16:50:00,605.0352009405825,3204.860613802215,247,AtHome
2022-08-03 16:55:00,615.3098822064323,3201.003200456854,247,Transport
2022-08-03 17:00:00,642.1874810231475,2703.295710883523,247,Transport
2022-08-03 17:05:00,641.9345114113765,2283.921131578666,247,Transport
2022-08-03 17:10:00,621.2383910372893,2005.3346159490147,247,AtRestaurant
2022-08-03 17:25:00,621.2383910372893,2005.3346159490147,247,AtRestaurant
2022-08-03 17:30:00,631.5130723031391,2001.4772026036533,247,Transport
2022-08-03 17:35:00,646.5072927151671,2376.165197219661,247,Transport
2022-08-03 17:40:00,640.2712967202582,2795.6074581791536,247,Transport
2022-08-03 17:45:00,605.0352009405825,3204.860613802215,247,AtHome
2022-08-03 22:05:00,605.0352009405825,3204.860613802215,247,AtHome
2022-08-03 22:10:00,615.3098822064323,3201.003200456854,247,Transport
2022-08-03 22:15:00,642.1874810231475,2703.295710883523,247,Transport
2022-08-03 22:20:00,641.9345114113765,2283.921131578666,247,Transport
2022-08-03 22:25:00,621.2383910372893,2005.3346159490147,247,AtRestaurant
2022-08-03 22:30:00,631.5130723031391,2001.4772026036533,247,Transport
2022-08-03 22:35:00,646.5072927151671,2376.165197219661,247,Transport
2022-08-03 22:40:00,640.2712967202582,2795.6074581791536,247,Transport
2022-08-03 22:45:00,605.0352009405825,3204.860613802215,247,AtHome
2022-08-04 07:10:00,605.0352009405825,3204.860613802215,247,AtHome
2022-08-04 07:15:00,615.3098822064323,3201.003200456854,247,Transport
2022-08-04 07:20:00,615.7144952874648,3541.3130936302646,247,Transport
2022-08-04 07:25:00,629.1024998407094,3960.967477453335,247,Transport
2022-08-04 07:30:00,926.3079687295595,4083.869339018834,247,Transport
2022-08-04 07:35:00,858.6274291297271,4394.198158029892,247,AtWork
2022-08-04 11:40:00,858.6274291297271,4394.198158029892,247,AtWork
2022-08-04 11:45:00,868.902110395577,4390.34074468453,247,Transport
2022-08-04 11:50:00,709.5155648477144,4482.374039900515,247,Transport
2022-08-04 11:55:00,687.9664346058763,4396.274081528693,247,AtRestaurant
2022-08-04 12:10:00,687.9664346058763,4396.274081528693,247,AtRestaurant
2022-08-04 12:15:00,698.2411158717262,4392.416668183332,247,Transport
2022-08-04 12:20:00,858.6274291297271,4394.198158029892,247,AtWork
2022-08-04 16:10:00,858.6274291297271,4394.198158029892,247,AtWork
2022-08-04 16:15:00,868.902110395577,4390.34074468453,247,Transport
2022-08-04 16:20:00,828.0037422444615,4056.043368774391,247,Transport
2022-08-04 16:25:00,623.3748718539276,3839.641921022485,247,Transport
2022-08-04 16:30:00,622.6455910247329,3420.0719595151027,247,Transport
2022-08-04 16:35:00,605.0352009405825,3204.860613802215,247,AtHome
2022-08-04 16:50:00,605.0352009405825,3204.860613802215,247,AtHome
2022-08-04 16:55:00,615.3098822064323,3201.003200456854,247,Transport
2022-08-04 17:00:00,642.1874810231475,2703.295710883523,247,Transport
2022-08-04 17:05:00,641.9345114113765,2283.921131578666,247,Transport
2022-08-04 17:10:00,621.2383910372893,2005.3346159490147,247,AtRestaurant
2022-08-04 17:25:00,621.2383910372893,2005.3346159490147,247,AtRestaurant
2022-08-04 17:30:00,631.5130723031391,2001.4772026036533,247,Transport
2022-08-04 17:35:00,646.5072927151671,2376.165197219661,247,Transport
2022-08-04 17:40:00,640.2712967202582,2795.6074581791536,247,Transport
2022-08-04 17:45:00,605.0352009405825,3204.860613802215,247,AtHome
2022-08-04 22:05:00,605.0352009405825,3204.860613802215,247,AtHome
2022-08-04 22:10:00,615.3098822064323,3201.003200456854,247,Transport
2022-08-04 22:15:00,642.1874810231475,2703.295710883523,247,Transport
2022-08-04 22:20:00,641.9345114113765,2283.921131578666,247,Transport
2022-08-04 22:25:00,621.2383910372893,2005.3346159490147,247,AtRestaurant
2022-08-04 22:30:00,631.5130723031391,2001.4772026036533,247,Transport
2022-08-04 22:35:00,646.5072927151671,2376.165197219661,247,Transport
2022-08-04 22:40:00,640.2712967202582,2795.6074581791536,247,Transport
2022-08-04 22:45:00,605.0352009405825,3204.860613802215,247,AtHome
2022-08-05 07:10:00,605.0352009405825,3204.860613802215,247,AtHome
2022-08-05 07:15:00,615.3098822064323,3201.003200456854,247,Transport
2022-08-05 07:20:00,615.7144952874648,3541.3130936302646,247,Transport
2022-08-05 07:25:00,629.1024998407094,3960.967477453335,247,Transport
2022-08-05 07:30:00,926.3079687295595,4083.869339018834,247,Transport
2022-08-05 07:35:00,858.6274291297271,4394.198158029892,247,AtWork
2022-08-05 11:40:00,858.6274291297271,4394.198158029892,247,AtWork
2022-08-05 11:45:00,868.902110395577,4390.34074468453,247,Transport
2022-08-05 11:50:00,709.5155648477144,4482.374039900515,247,Transport
2022-08-05 11:55:00,687.9664346058763,4396.274081528693,247,AtRestaurant
2022-08-05 12:10:00,687.9664346058763,4396.274081528693,247,AtRestaurant
2022-08-05 12:15:00,698.2411158717262,4392.416668183332,247,Transport
2022-08-05 12:20:00,858.6274291297271,4394.198158029892,247,AtWork
2022-08-05 16:10:00,858.6274291297271,4394.198158029892,247,AtWork
2022-08-05 16:15:00,868.902110395577,4390.34074468453,247,Transport
2022-08-05 16:20:00,828.0037422444615,4056.043368774391,247,Transport
2022-08-05 16:25:00,623.3748718539276,3839.641921022485,247,Transport
2022-08-05 16:30:00,622.6455910247329,3420.0719595151027,247,Transport
2022-08-05 16:35:00,605.0352009405825,3204.860613802215,247,AtHome
2022-08-05 16:40:00,615.3098822064323,3201.003200456854,247,Transport
2022-08-05 16:45:00,615.7144952874648,3541.3130936302646,247,Transport
2022-08-05 16:50:00,629.1024998407094,3960.967477453335,247,Transport
2022-08-05 16:55:00,949.3838027765609,4059.952491073087,247,Transport
2022-08-05 17:00:00,1369.279658274368,4062.105179472782,247,Transport
2022-08-05 17:05:00,1753.73503444248,4106.646227685894,247,Transport
2022-08-05 17:10:00,1799.6054920920153,4343.0298393808125,247,AtRecreation
2022-08-05 18:55:00,1799.6054920920153,4343.0298393808125,247,AtRecreation
2022-08-05 19:00:00,1809.880173357865,4339.172426035451,247,Transport
2022-08-05 19:05:00,1670.3113113783324,4060.92717660498,247,Transport
2022-08-05 19:10:00,1250.9156730394975,4062.330557102797,247,Transport
2022-08-05 19:15:00,831.061879867088,4056.187961737148,247,Transport
2022-08-05 19:20:00,623.5416797108849,3842.6990447571247,247,Transport
2022-08-05 19:25:00,622.1925069281828,3423.099920081473,247,Transport
2022-08-05 19:30:00,605.0352009405825,3204.860613802215,247,AtHome
2022-08-05 19:35:00,615.3098822064323,3201.003200456854,247,Transport
2022-08-05 19:40:00,615.7144952874648,3541.3130936302646,247,Transport
2022-08-05 19:45:00,629.1024998407094,3960.967477453335,247,Transport
2022-08-05 19:50:00,949.3838027765609,4059.952491073087,247,Transport
2022-08-05 19:55:00,1369.279658274368,4062.105179472782,247,Transport
2022-08-05 20:00:00,1753.73503444248,4106.646227685894,247,Transport
2022-08-05 20:05:00,1799.6054920920153,4343.0298393808125,247,AtRecreation
2022-08-05 21:10:00,1799.6054920920153,4343.0298393808125,247,AtRecreation
2022-08-05 21:15:00,1809.880173357865,4339.172426035451,247,Transport
2022-08-05 21:20:00,1670.3113113783324,4060.92717660498,247,Transport
2022-08-05 21:25:00,1250.9156730394975,4062.330557102797,247,Transport
2022-08-05 21:30:00,831.061879867088,4056.187961737148,247,Transport
2022-08-05 21:35:00,623.5416797108849,3842.6990447571247,247,Transport
2022-08-05 21:40:00,622.1925069281828,3423.099920081473,247,Transport
2022-08-05 21:45:00,605.0352009405825,3204.860613802215,247,AtHome
2022-08-05 21:50:00,615.3098822064323,3201.003200456854,247,Transport
2022-08-05 21:55:00,615.7144952874648,3541.3130936302646,247,Transport
2022-08-05 22:00:00,629.1024998407094,3960.967477453335,247,Transport
2022-08-05 22:05:00,949.3838027765609,4059.952491073087,247,Transport
2022-08-05 22:10:00,1369.279658274368,4062.105179472782,247,Transport
2022-08-05 22:15:00,1753.73503444248,4106.646227685894,247,Transport
2022-08-05 22:20:00,1799.6054920920153,4343.0298393808125,247,AtRecreation
2022-08-05 22:25:00,1809.880173357865,4339.172426035451,247,Transport
2022-08-05 22:30:00,1670.3113113783324,4060.92717660498,247,Transport
2022-08-05 22:35:00,1397.4360882490746,4014.314894872284,247,AtRestaurant
2022-08-05 22:40:00,1407.7107695149243,4010.4574815269225,247,Transport
2022-08-05 22:45:00,930.4149642879936,4060.049553793345,247,Transport
2022-08-05 22:50:00,628.3395875050602,3942.013738520208,247,Transport
2022-08-05 22:55:00,616.4830544904926,3522.3595828333578,247,Transport
2022-08-05 23:00:00,605.0352009405825,3204.860613802215,247,AtHome
2022-08-06 16:20:00,605.0352009405825,3204.860613802215,247,AtHome
2022-08-06 16:25:00,615.3098822064323,3201.003200456854,247,Transport
2022-08-06 16:30:00,642.1874810231475,2703.295710883523,247,Transport
2022-08-06 16:35:00,641.9345114113765,2283.921131578666,247,Transport
2022-08-06 16:40:00,621.2383910372893,2005.3346159490147,247,AtRestaurant
2022-08-06 16:55:00,621.2383910372893,2005.3346159490147,247,AtRestaurant
2022-08-06 17:00:00,631.5130723031391,2001.4772026036533,247,Transport
2022-08-06 17:05:00,646.5072927151671,2376.165197219661,247,Transport
2022-08-06 17:10:00,640.2712967202582,2795.6074581791536,247,Transport
2022-08-06 17:15:00,605.0352009405825,3204.860613802215,247,AtHome
2022-09-01 07:10:00,605.0352009405825,3204.860613802215,247,AtHome
2022-09-01 07:15:00,615.3098822064323,3201.003200456854,247,Transport
2022-09-01 07:20:00,615.7144952874648,3541.3130936302646,247,Transport
2022-09-01 07:25:00,629.1024998407094,3960.967477453335,247,Transport
2022-09-01 07:30:00,926.3079687295595,4083.869339018834,247,Transport
2022-09-01 07:35:00,858.6274291297271,4394.198158029892,247,AtWork
2022-09-01 11:40:00,858.6274291297271,4394.198158029892,247,AtWork
2022-09-01 11:45:00,868.902110395577,4390.34074468453,247,Transport
2022-09-01 11:50:00,709.5155648477144,4482.374039900515,247,Transport
2022-09-01 11:55:00,687.9664346058763,4396.274081528693,247,AtRestaurant
2022-09-01 12:10:00,687.9664346058763,4396.274081528693,247,AtRestaurant
2022-09-01 12:15:00,698.2411158717262,4392.416668183332,247,Transport
2022-09-01 12:20:00,858.6274291297271,4394.198158029892,247,AtWork
2022-09-01 16:10:00,858.6274291297271,4394.198158029892,247,AtWork
2022-09-01 16:15:00,868.902110395577,4390.34074468453,247,Transport
2022-09-01 16:20:00,828.0037422444615,4056.043368774391,247,Transport
2022-09-01 16:25:00,623.3748718539276,3839.641921022485,247,Transport
2022-09-01 16:30:00,622.6455910247329,3420.0719595151027,247,Transport
2022-09-01 16:35:00,605.0352009405825,3204.860613802215,247,AtHome
2022-09-01 16:40:00,615.3098822064323,3201.003200456854,247,Transport
2022-09-01 16:45:00,642.1874810231475,2703.295710883523,247,Transport
2022-09-01 16:50:00,641.9345114113765,2283.921131578666,247,Transport
2022-09-01 16:55:00,597.6053877120731,1868.122039508908,247,Transport
2022-09-01 17:00:00,646.4716470621729,1451.092481224494,247,Transport
2022-09-01 17:05:00,663.7893494011146,1032.0039626535388,247,Transport
2022-09-01 17:10:00,760.1532231729477,936.4426136668365,247,AtRecreation
2022-09-01 17:15:00,770.4279044387976,932.5852003214752,247,Transport
2022-09-01 17:20:00,533.243532438734,1067.052320700562,247,Transport
2022-09-01 17:25:00,403.5653194400262,1197.9861075743092,247,AtRestaurant
2022-09-01 17:40:00,403.5653194400262,1197.9861075743092,247,AtRestaurant
2022-09-01 17:45:00,413.840000705876,1194.128694228948,247,Transport
2022-09-01 17:50:00,653.0249310096121,1045.6277551766495,247,Transport
2022-09-01 17:55:00,760.1532231729477,936.4426136668365,247,AtRecreation
2022-09-01 18:10:00,760.1532231729477,936.4426136668365,247,AtRecreation
2022-09-01 18:15:00,770.4279044387976,932.5852003214752,247,Transport
2022-09-01 18:20:00,656.4955189778115,1175.025809132529,247,Transport
2022-09-01 18:25:00,630.057443387326,1593.6485457451097,247,Transport
2022-09-01 18:30:00,600.3299130282309,2011.5630085733385,247,Transport
2022-09-01 18:35:00,649.9382662694971,2427.1840488094285,247,Transport
2022-09-01 18:40:00,640.8887516017862,2846.737816544204,247,Transport
2022-09-01 18:45:00,605.0352009405825,3204.860613802215,247,AtHome
2022-09-01 18:50:00,615.3098822064323,3201.003200456854,247,Transport
2022-09-01 18:55:00,615.7144952874648,3541.3130936302646,247,Transport
2022-09-01 19:00:00,629.1024998407094,3960.967477453335,247,Transport
2022-09-01 19:05:00,949.3838027765609,4059.952491073087,247,Transport
2022-09-01 19:10:00,1369.279658274368,4062.105179472782,247,Transport
2022-09-01 19:15:00,1753.73503444248,4106.646227685894,247,Transport
2022-09-01 19:20:00,1799.6054920920153,4343.0298393808125,247,AtRecreation
2022-09-01 22:10:00,1799.6054920920153,4343.0298393808125,247,AtRecreation
2022-09-01 22:15:00,1809.880173357865,4339.172426035451,247,Transport
2022-09-01 22:20:00,1670.3113113783324,4060.92717660498,247,Transport
2022-09-01 22:25:00,1250.9156730394975,4062.330557102797,247,Transport
2022-09-01 22:30:00,831.061879867088,4056.187961737148,247,Transport
2022-09-01 22:35:00,623.5416797108849,3842.6990447571247,247,Transport
2022-09-01 22:40:00,622.1925069281828,3423.099920081473,247,Transport
2022-09-01 22:45:00,605.0352009405825,3204.860613802215,247,AtHome
2022-09-02 07:10:00,605.0352009405825,3204.860613802215,247,AtHome
2022-09-02 07:15:00,615.3098822064323,3201.003200456854,247,Transport
2022-09-02 07:20:00,615.7144952874648,3541.3130936302646,247,Transport
2022-09-02 07:25:00,629.1024998407094,3960.967477453335,247,Transport
2022-09-02 07:30:00,926.3079687295595,4083.869339018834,247,Transport
2022-09-02 07:35:00,858.6274291297271,4394.198158029892,247,AtWork
2022-09-02 11:40:00,858.6274291297271,4394.198158029892,247,AtWork
2022-09-02 11:45:00,868.902110395577,4390.34074468453,247,Transport
2022-09-02 11:50:00,709.5155648477144,4482.374039900515,247,Transport
2022-09-02 11:55:00,687.9664346058763,4396.274081528693,247,AtRestaurant
2022-09-02 12:10:00,687.9664346058763,4396.274081528693,247,AtRestaurant
2022-09-02 12:15:00,698.2411158717262,4392.416668183332,247,Transport
2022-09-02 12:20:00,858.6274291297271,4394.198158029892,247,AtWork
2022-09-02 16:10:00,858.6274291297271,4394.198158029892,247,AtWork
2022-09-02 16:15:00,868.902110395577,4390.34074468453,247,Transport
2022-09-02 16:20:00,828.0037422444615,4056.043368774391,247,Transport
2022-09-02 16:25:00,623.3748718539276,3839.641921022485,247,Transport
2022-09-02 16:30:00,622.6455910247329,3420.0719595151027,247,Transport
2022-09-02 16:35:00,605.0352009405825,3204.860613802215,247,AtHome
2022-09-02 21:30:00,605.0352009405825,3204.860613802215,247,AtHome
2022-09-02 21:35:00,615.3098822064323,3201.003200456854,247,Transport
2022-09-02 21:40:00,642.1874810231475,2703.295710883523,247,Transport
2022-09-02 21:45:00,641.9345114113765,2283.921131578666,247,Transport
2022-09-02 21:50:00,621.2383910372893,2005.3346159490147,247,AtRestaurant
2022-09-02 22:05:00,621.2383910372893,2005.3346159490147,247,AtRestaurant
2022-09-02 22:10:00,631.5130723031391,2001.4772026036533,247,Transport
2022-09-02 22:15:00,646.5072927151671,2376.165197219661,247,Transport
2022-09-02 22:20:00,640.2712967202582,2795.6074581791536,247,Transport
2022-09-02 22:25:00,605.0352009405825,3204.860613802215,247,AtHome
2022-09-03 07:00:00,605.0352009405825,3204.860613802215,247,AtHome
2022-09-03 07:05:00,615.3098822064323,3201.003200456854,247,Transport
2022-09-03 07:10:00,642.1874810231475,2703.295710883523,247,Transport
2022-09-03 07:15:00,641.9345114113765,2283.921131578666,247,Transport
2022-09-03 07:20:00,621.2383910372893,2005.3346159490147,247,AtRestaurant
2022-09-03 07:35:00,621.2383910372893,2005.3346159490147,247,AtRestaurant
2022-09-03 07:40:00,631.5130723031391,2001.4772026036533,247,Transport
2022-09-03 07:45:00,646.5072927151671,2376.165197219661,247,Transport
2022-09-03 07:50:00,640.2712967202582,2795.6074581791536,247,Transport
2022-09-03 07:55:00,605.0352009405825,3204.860613802215,247,AtHome
2022-09-03 16:55:00,605.0352009405825,3204.860613802215,247,AtHome
2022-09-03 17:00:00,615.3098822064323,3201.003200456854,247,Transport
2022-09-03 17:05:00,642.1874810231475,2703.295710883523,247,Transport
2022-09-03 17:10:00,641.9345114113765,2283.921131578666,247,Transport
2022-09-03 17:15:00,621.2383910372893,2005.3346159490147,247,AtRestaurant
2022-09-03 17:30:00,621.2383910372893,2005.3346159490147,247,AtRestaurant
2022-09-03 17:35:00,631.5130723031391,2001.4772026036533,247,Transport
2022-09-03 17:40:00,646.5072927151671,2376.165197219661,247,Transport
2022-09-03 17:45:00,640.2712967202582,2795.6074581791536,247,Transport
2022-09-03 17:50:00,605.0352009405825,3204.860613802215,247,AtHome
2022-09-03 22:10:00,605.0352009405825,3204.860613802215,247,AtHome
2022-09-03 22:15:00,615.3098822064323,3201.003200456854,247,Transport
2022-09-03 22:20:00,642.1874810231475,2703.295710883523,247,Transport
2022-09-03 22:25:00,641.9345114113765,2283.921131578666,247,Transport
2022-09-03 22:30:00,621.2383910372893,2005.3346159490147,247,AtRestaurant
2022-09-03 22:35:00,631.5130723031391,2001.4772026036533,247,Transport
2022-09-03 22:40:00,646.5072927151671,2376.165197219661,247,Transport
2022-09-03 22:45:00,640.2712967202582,2795.6074581791536,247,Transport
2022-09-03 22:50:00,605.0352009405825,3204.860613802215,247,AtHome
2022-09-04 16:20:00,605.0352009405825,3204.860613802215,247,AtHome
2022-09-04 16:25:00,615.3098822064323,3201.003200456854,247,Transport
2022-09-04 16:30:00,642.1874810231475,2703.295710883523,247,Transport
2022-09-04 16:35:00,641.9345114113765,2283.921131578666,247,Transport
2022-09-04 16:40:00,621.2383910372893,2005.3346159490147,247,AtRestaurant
2022-09-04 16:55:00,621.2383910372893,2005.3346159490147,247,AtRestaurant
2022-09-04 17:00:00,631.5130723031391,2001.4772026036533,247,Transport
2022-09-04 17:05:00,646.5072927151671,2376.165197219661,247,Transport
2022-09-04 17:10:00,640.2712967202582,2795.6074581791536,247,Transport
2022-09-04 17:15:00,605.0352009405825,3204.860613802215,247,AtHome
2022-09-04 21:35:00,605.0352009405825,3204.860613802215,247,AtHome
2022-09-04 21:40:00,615.3098822064323,3201.003200456854,247,Transport
2022-09-04 21:45:00,642.1874810231475,2703.295710883523,247,Transport
2022-09-04 21:50:00,641.9345114113765,2283.921131578666,247,Transport
2022-09-04 21:55:00,621.2383910372893,2005.3346159490147,247,AtRestaurant
2022-09-04 22:10:00,621.2383910372893,2005.3346159490147,247,AtRestaurant
2022-09-04 22:15:00,631.5130723031391,2001.4772026036533,247,Transport
2022-09-04 22:20:00,646.5072927151671,2376.165197219661,247,Transport
2022-09-04 22:25:00,640.2712967202582,2795.6074581791536,247,Transport
2022-09-04 22:30:00,605.0352009405825,3204.860613802215,247,AtHome
2022-09-05 07:10:00,605.0352009405825,3204.860613802215,247,AtHome
2022-09-05 07:15:00,615.3098822064323,3201.003200456854,247,Transport
2022-09-05 07:20:00,615.7144952874648,3541.3130936302646,247,Transport
2022-09-05 07:25:00,629.1024998407094,3960.967477453335,247,Transport
2022-09-05 07:30:00,926.3079687295595,4083.869339018834,247,Transport
2022-09-05 07:35:00,858.6274291297271,4394.198158029892,247,AtWork
2022-09-05 11:40:00,858.6274291297271,4394.198158029892,247,AtWork
2022-09-05 11:45:00,868.902110395577,4390.34074468453,247,Transport
2022-09-05 11:50:00,709.5155648477144,4482.374039900515,247,Transport
2022-09-05 11:55:00,687.9664346058763,4396.274081528693,247,AtRestaurant
2022-09-05 12:10:00,687.9664346058763,4396.274081528693,247,AtRestaurant
2022-09-05 12:15:00,698.2411158717262,4392.416668183332,247,Transport
2022-09-05 12:20:00,858.6274291297271,4394.198158029892,247,AtWork
2022-09-05 16:10:00,858.6274291297271,4394.198158029892,247,AtWork
2022-09-05 16:15:00,868.902110395577,4390.34074468453,247,Transport
2022-09-05 16:20:00,828.0037422444615,4056.043368774391,247,Transport
2022-09-05 16:25:00,623.3748718539276,3839.641921022485,247,Transport
2022-09-05 16:30:00,622.6455910247329,3420.0719595151027,247,Transport
2022-09-05 16:35:00,605.0352009405825,3204.860613802215,247,AtHome
2022-09-05 16:40:00,615.3098822064323,3201.003200456854,247,Transport
2022-09-05 16:45:00,615.7144952874648,3541.3130936302646,247,Transport
2022-09-05 16:50:00,629.1024998407094,3960.967477453335,247,Transport
2022-09-05 16:55:00,572.0526467474274,4375.908873733891,247,Transport
2022-09-05 17:00:00,400.7848268574819,4623.759729032403,247,Transport
2022-09-05 17:05:00,62.08263586794361,4726.762882276073,247,Transport
2022-09-05 17:10:00,-228.5416636098629,4876.192230261836,247,Transport
2022-09-05 17:15:00,-270.7321517972405,5030.008217524723,247,AtRecreation
2022-09-05 17:20:00,-260.45747053139064,5026.150804179361,247,Transport
2022-09-05 17:25:00,-56.31352508268587,4740.277986216306,247,Transport
2022-09-05 17:30:00,361.8254056349728,4702.987428661796,247,Transport
2022-09-05 17:35:00,554.3742530220767,4476.436116406113,247,Transport
2022-09-05 17:40:00,687.9664346058763,4396.274081528693,247,AtRestaurant
2022-09-05 17:55:00,687.9664346058763,4396.274081528693,247,AtRestaurant
2022-09-05 18:00:00,698.2411158717262,4392.416668183332,247,Transport
2022-09-05 18:05:00,401.00364888735993,4632.191656083583,247,Transport
2022-09-05 18:10:00,53.71315310962717,4727.81027677455,247,Transport
2022-09-05 18:15:00,-230.4186780140786,4884.415495659691,247,Transport
2022-09-05 18:20:00,-270.7321517972405,5030.008217524723,247,AtRecreation
2022-09-05 18:35:00,-270.7321517972405,5030.008217524723,247,AtRecreation
2022-09-05 18:40:00,-260.45747053139064,5026.150804179361,247,Transport
2022-09-05 18:45:00,-56.31352508268587,4740.277986216306,247,Transport
2022-09-05 18:50:00,361.8254056349728,4702.987428661796,247,Transport
2022-09-05 18:55:00,554.3742530220767,4476.436116406113,247,Transport
2022-09-05 19:00:00,620.3108823479811,4079.478052167119,247,Transport
2022-09-05 19:05:00,616.1141707901548,3660.481135193048,247,Transport
2022-09-05 19:10:00,641.5651457940667,3241.933436648096,247,Transport
2022-09-05 19:15:00,605.0352009405825,3204.860613802215,247,AtHome
2022-09-05 19:20:00,615.3098822064323,3201.003200456854,247,Transport
2022-09-05 19:25:00,615.7144952874648,3541.3130936302646,247,Transport
2022-09-05 19:30:00,912.1358292519776,3665.7790038627113,247,Transport
2022-09-05 19:35:00,954.1633419054704,3995.460887129569,247,AtRecreation
2022-09-05 21:20:00,954.1633419054704,3995.460887129569,247,AtRecreation
2022-09-05 21:25:00,964.4380231713202,3991.603473784208,247,Transport
2022-09-05 21:30:00,827.6022596364746,3665.049294080348,247,Transport
2022-09-05 21:35:00,620.0233251212022,3456.885740287757,247,Transport
2022-09-05 21:40:00,605.0352009405825,3204.860613802215,247,AtHome
2022-09-05 21:45:00,615.3098822064323,3201.003200456854,247,Transport
2022-09-05 21:50:00,615.7144952874648,3541.3130936302646,247,Transport
2022-09-05 21:55:00,629.1024998407094,3960.967477453335,247,Transport
2022-09-05 22:00:00,572.0526467474274,4375.908873733891,247,Transport
2022-09-05 22:05:00,400.7848268574819,4623.759729032403,247,Transport
2022-09-05 22:10:00,62.08263586794361,4726.762882276073,247,Transport
2022-09-05 22:15:00,-228.5416636098629,4876.192230261836,247,Transport
2022-09-05 22:20:00,-270.7321517972405,5030.008217524723,247,AtRecreation
2022-09-05 22:25:00,-270.7321517972405,5030.008217524723,247,AtRecreation
2022-09-05 22:30:00,-260.45747053139064,5026.150804179361,247,Transport
2022-09-05 22:35:00,-56.31352508268587,4740.277986216306,247,Transport
2022-09-05 22:40:00,361.8254056349728,4702.987428661796,247,Transport
2022-09-05 22:45:00,554.3742530220767,4476.436116406113,247,Transport
2022-09-05 22:50:00,620.3108823479811,4079.478052167119,247,Transport
2022-09-05 22:55:00,616.1141707901548,3660.481135193048,247,Transport
2022-09-05 23:00:00,641.5651457940667,3241.933436648096,247,Transport
2022-09-05 23:05:00,605.0352009405825,3204.860613802215,247,AtHome
2022-09-06 07:10:00,605.0352009405825,3204.860613802215,247,AtHome
2022-09-06 07:15:00,615.3098822064323,3201.003200456854,247,Transport
2022-09-06 07:20:00,615.7144952874648,3541.3130936302646,247,Transport
2022-09-06 07:25:00,629.1024998407094,3960.967477453335,247,Transport
2022-09-06 07:30:00,926.3079687295595,4083.869339018834,247,Transport
2022-09-06 07:35:00,858.6274291297271,4394.198158029892,247,AtWork
2022-09-06 11:40:00,858.6274291297271,4394.198158029892,247,AtWork
2022-09-06 11:45:00,868.902110395577,4390.34074468453,247,Transport
2022-09-06 11:50:00,709.5155648477144,4482.374039900515,247,Transport
2022-09-06 11:55:00,687.9664346058763,4396.274081528693,247,AtRestaurant
2022-09-06 12:10:00,687.9664346058763,4396.274081528693,247,AtRestaurant
2022-09-06 12:15:00,698.2411158717262,4392.416668183332,247,Transport
2022-09-06 12:20:00,858.6274291297271,4394.198158029892,247,AtWork
2022-09-06 16:10:00,858.6274291297271,4394.198158029892,247,AtWork
2022-09-06 16:15:00,868.902110395577,4390.34074468453,247,Transport
2022-09-06 16:20:00,828.0037422444615,4056.043368774391,247,Transport
2022-09-06 16:25:00,623.3748718539276,3839.641921022485,247,Transport
2022-09-06 16:30:00,622.6455910247329,3420.0719595151027,247,Transport
2022-09-06 16:35:00,605.0352009405825,3204.860613802215,247,AtHome
2022-09-06 16:40:00,615.3098822064323,3201.003200456854,247,Transport
2022-09-06 16:45:00,642.1874810231475,2703.295710883523,247,Transport
2022-09-06 16:50:00,641.9345114113765,2283.921131578666,247,Transport
2022-09-06 16:55:00,597.6053877120731,1868.122039508908,247,Transport
2022-09-06 17:00:00,646.4716470621729,1451.092481224494,247,Transport
2022-09-06 17:05:00,663.7893494011146,1032.0039626535388,247,Transport
2022-09-06 17:10:00,760.1532231729477,936.4426136668365,247,AtRecreation
2022-09-06 17:15:00,770.4279044387976,932.5852003214752,247,Transport
2022-09-06 17:20:00,533.243532438734,1067.052320700562,247,Transport
2022-09-06 17:25:00,403.5653194400262,1197.9861075743092,247,AtRestaurant
2022-09-06 17:40:00,403.5653194400262,1197.9861075743092,247,AtRestaurant
2022-09-06 17:45:00,413.840000705876,1194.128694228948,247,Transport
2022-09-06 17:50:00,653.0249310096121,1045.6277551766495,247,Transport
2022-09-06 17:55:00,760.1532231729477,936.4426136668365,247,AtRecreation
2022-09-06 18:10:00,760.1532231729477,936.4426136668365,247,AtRecreation
2022-09-06 18:15:00,770.4279044387976,932.5852003214752,247,Transport
2022-09-06 18:20:00,656.4955189778115,1175.025809132529,247,Transport
2022-09-06 18:25:00,630.057443387326,1593.6485457451097,247,Transport
2022-09-06 18:30:00,600.3299130282309,2011.5630085733385,247,Transport
2022-09-06 18:35:00,649.9382662694971,2427.1840488094285,247,Transport
2022-09-06 18:40:00,640.8887516017862,2846.737816544204,247,Transport
2022-09-06 18:45:00,605.0352009405825,3204.860613802215,247,AtHome
2022-09-06 18:50:00,615.3098822064323,3201.003200456854,247,Transport
2022-09-06 18:55:00,642.1874810231475,2703.295710883523,247,Transport
2022-09-06 19:00:00,641.9345114113765,2283.921131578666,247,Transport
2022-09-06 19:05:00,597.6053877120731,1868.122039508908,247,Transport
2022-09-06 19:10:00,646.4716470621729,1451.092481224494,247,Transport
2022-09-06 19:15:00,663.7893494011146,1032.0039626535388,247,Transport
2022-09-06 19:20:00,760.1532231729477,936.4426136668365,247,AtRecreation
2022-09-06 21:45:00,760.1532231729477,936.4426136668365,247,AtRecreation
2022-09-06 21:50:00,770.4279044387976,932.5852003214752,247,Transport
2022-09-06 21:55:00,656.4955189778115,1175.025809132529,247,Transport
2022-09-06 22:00:00,630.057443387326,1593.6485457451097,247,Transport
2022-09-06 22:05:00,600.3299130282309,2011.5630085733385,247,Transport
2022-09-06 22:10:00,649.9382662694971,2427.1840488094285,247,Transport
2022-09-06 22:15:00,640.8887516017862,2846.737816544204,247,Transport
2022-09-06 22:20:00,605.0352009405825,3204.860613802215,247,AtHome
2022-09-06 22:25:00,615.3098822064323,3201.003200456854,247,Transport
2022-09-06 22:30:00,642.1874810231475,2703.295710883523,247,Transport
2022-09-06 22:35:00,641.9345114113765,2283.921131578666,247,Transport
2022-09-06 22:40:00,597.6053877120731,1868.122039508908,247,Transport
2022-09-06 22:45:00,646.4716470621729,1451.092481224494,247,Transport
2022-09-06 22:50:00,663.7893494011146,1032.0039626535388,247,Transport
2022-09-06 22:55:00,760.1532231729477,936.4426136668365,247,AtRecreation
2022-09-06 23:00:00,770.4279044387976,932.5852003214752,247,Transport
2022-09-06 23:05:00,656.4955189778115,1175.025809132529,247,Transport
2022-09-06 23:10:00,630.057443387326,1593.6485457451097,247,Transport
2022-09-06 23:15:00,600.3299130282309,2011.5630085733385,247,Transport
2022-09-06 23:20:00,649.9382662694971,2427.1840488094285,247,Transport
2022-09-06 23:25:00,640.8887516017862,2846.737816544204,247,Transport
2022-09-06 23:30:00,605.0352009405825,3204.860613802215,247,AtHome
2022-09-07 07:10:00,605.0352009405825,3204.860613802215,247,AtHome
2022-09-07 07:15:00,615.3098822064323,3201.003200456854,247,Transport
2022-09-07 07:20:00,615.7144952874648,3541.3130936302646,247,Transport
2022-09-07 07:25:00,629.1024998407094,3960.967477453335,247,Transport
2022-09-07 07:30:00,926.3079687295595,4083.869339018834,247,Transport
2022-09-07 07:35:00,858.6274291297271,4394.198158029892,247,AtWork
2022-09-07 11:40:00,858.6274291297271,4394.198158029892,247,AtWork
2022-09-07 11:45:00,868.902110395577,4390.34074468453,247,Transport
2022-09-07 11:50:00,709.5155648477144,4482.374039900515,247,Transport
2022-09-07 11:55:00,687.9664346058763,4396.274081528693,247,AtRestaurant
2022-09-07 12:10:00,687.9664346058763,4396.274081528693,247,AtRestaurant
2022-09-07 12:15:00,698.2411158717262,4392.416668183332,247,Transport
2022-09-07 12:20:00,858.6274291297271,4394.198158029892,247,AtWork
2022-09-07 16:10:00,858.6274291297271,4394.198158029892,247,AtWork
2022-09-07 16:15:00,868.902110395577,4390.34074468453,247,Transport
2022-09-07 16:20:00,828.0037422444615,4056.043368774391,247,Transport
2022-09-07 16:25:00,623.3748718539276,3839.641921022485,247,Transport
2022-09-07 16:30:00,622.6455910247329,3420.0719595151027,247,Transport
2022-09-07 16:35:00,605.0352009405825,3204.860613802215,247,AtHome
2022-09-07 16:40:00,615.3098822064323,3201.003200456854,247,Transport
2022-09-07 16:45:00,615.7144952874648,3541.3130936302646,247,Transport
2022-09-07 16:50:00,629.1024998407094,3960.967477453335,247,Transport
2022-09-07 16:55:00,949.3838027765609,4059.952491073087,247,Transport
2022-09-07 17:00:00,1369.279658274368,4062.105179472782,247,Transport
2022-09-07 17:05:00,1753.73503444248,4106.646227685894,247,Transport
2022-09-07 17:10:00,1799.6054920920153,4343.0298393808125,247,AtRecreation
2022-09-07 18:40:00,1799.6054920920153,4343.0298393808125,247,AtRecreation
2022-09-07 18:45:00,1809.880173357865,4339.172426035451,247,Transport
2022-09-07 18:50:00,1670.3113113783324,4060.92717660498,247,Transport
2022-09-07 18:55:00,1250.9156730394975,4062.330557102797,247,Transport
2022-09-07 19:00:00,831.061879867088,4056.187961737148,247,Transport
2022-09-07 19:05:00,623.5416797108849,3842.6990447571247,247,Transport
2022-09-07 19:10:00,622.1925069281828,3423.099920081473,247,Transport
2022-09-07 19:15:00,605.0352009405825,3204.860613802215,247,AtHome
2022-09-07 19:20:00,615.3098822064323,3201.003200456854,247,Transport
2022-09-07 19:25:00,615.7144952874648,3541.3130936302646,247,Transport
2022-09-07 19:30:00,629.1024998407094,3960.967477453335,247,Transport
2022-09-07 19:35:00,949.3838027765609,4059.952491073087,247,Transport
2022-09-07 19:40:00,1369.279658274368,4062.105179472782,247,Transport
2022-09-07 19:45:00,1753.73503444248,4106.646227685894,247,Transport
2022-09-07 19:50:00,1799.6054920920153,4343.0298393808125,247,AtRecreation
2022-09-07 21:50:00,1799.6054920920153,4343.0298393808125,247,AtRecreation
2022-09-07 21:55:00,1809.880173357865,4339.172426035451,247,Transport
2022-09-07 22:00:00,1670.3113113783324,4060.92717660498,247,Transport
2022-09-07 22:05:00,1397.4360882490746,4014.314894872284,247,AtRestaurant
2022-09-07 22:20:00,1397.4360882490746,4014.314894872284,247,AtRestaurant
2022-09-07 22:25:00,1407.7107695149243,4010.4574815269225,247,Transport
2022-09-07 22:30:00,1751.6446208675727,4087.792675610414,247,Transport
2022-09-07 22:35:00,1799.6054920920153,4343.0298393808125,247,AtRecreation
2022-09-07 22:40:00,1809.880173357865,4339.172426035451,247,Transport
2022-09-07 22:45:00,1670.3113113783324,4060.92717660498,247,Transport
2022-09-07 22:50:00,1250.9156730394975,4062.330557102797,247,Transport
2022-09-07 22:55:00,831.061879867088,4056.187961737148,247,Transport
2022-09-07 23:00:00,623.5416797108849,3842.6990447571247,247,Transport
2022-09-07 23:05:00,622.1925069281828,3423.099920081473,247,Transport
2022-09-07 23:10:00,605.0352009405825,3204.860613802215,247,AtHome
2022-10-01 11:40:00,605.0352009405825,3204.860613802215,247,AtHome
2022-10-01 11:45:00,615.3098822064323,3201.003200456854,247,Transport
2022-10-01 11:50:00,642.1874810231475,2703.295710883523,247,Transport
2022-10-01 11:55:00,641.9345114113765,2283.921131578666,247,Transport
2022-10-01 12:00:00,621.2383910372893,2005.3346159490147,247,AtRestaurant
2022-10-01 12:15:00,621.2383910372893,2005.3346159490147,247,AtRestaurant
2022-10-01 12:20:00,631.5130723031391,2001.4772026036533,247,Transport
2022-10-01 12:25:00,646.5072927151671,2376.165197219661,247,Transport
2022-10-01 12:30:00,640.2712967202582,2795.6074581791536,247,Transport
2022-10-01 12:35:00,605.0352009405825,3204.860613802215,247,AtHome
2022-10-01 16:55:00,605.0352009405825,3204.860613802215,247,AtHome
2022-10-01 17:00:00,615.3098822064323,3201.003200456854,247,Transport
2022-10-01 17:05:00,642.1874810231475,2703.295710883523,247,Transport
2022-10-01 17:10:00,641.9345114113765,2283.921131578666,247,Transport
2022-10-01 17:15:00,621.2383910372893,2005.3346159490147,247,AtRestaurant
2022-10-01 17:30:00,621.2383910372893,2005.3346159490147,247,AtRestaurant
2022-10-01 17:35:00,631.5130723031391,2001.4772026036533,247,Transport
2022-10-01 17:40:00,646.5072927151671,2376.165197219661,247,Transport
2022-10-01 17:45:00,640.2712967202582,2795.6074581791536,247,Transport
2022-10-01 17:50:00,605.0352009405825,3204.860613802215,247,AtHome
2022-10-02 07:00:00,605.0352009405825,3204.860613802215,247,AtHome
2022-10-02 07:05:00,615.3098822064323,3201.003200456854,247,Transport
2022-10-02 07:10:00,642.1874810231475,2703.295710883523,247,Transport
2022-10-02 07:15:00,641.9345114113765,2283.921131578666,247,Transport
2022-10-02 07:20:00,621.2383910372893,2005.3346159490147,247,AtRestaurant
2022-10-02 07:35:00,621.2383910372893,2005.3346159490147,247,AtRestaurant
2022-10-02 07:40:00,631.5130723031391,2001.4772026036533,247,Transport
2022-10-02 07:45:00,646.5072927151671,2376.165197219661,247,Transport
2022-10-02 07:50:00,640.2712967202582,2795.6074581791536,247,Transport
2022-10-02 07:55:00,605.0352009405825,3204.860613802215,247,AtHome
2022-10-02 08:00:00,615.3098822064323,3201.003200456854,247,Transport
2022-10-02 08:05:00,615.7144952874648,3541.3130936302646,247,Transport
2022-10-02 08:10:00,629.1024998407094,3960.967477453335,247,Transport
2022-10-02 08:15:00,572.0526467474274,4375.908873733891,247,Transport
2022-10-02 08:20:00,400.7848268574819,4623.759729032403,247,Transport
2022-10-02 08:25:00,62.08263586794361,4726.762882276073,247,Transport
2022-10-02 08:30:00,-228.5416636098629,4876.192230261836,247,Transport
2022-10-02 08:35:00,-270.7321517972405,5030.008217524723,247,AtRecreation
2022-10-02 09:50:00,-270.7321517972405,5030.008217524723,247,AtRecreation
2022-10-02 09:55:00,-260.45747053139064,5026.150804179361,247,Transport
2022-10-02 10:00:00,-56.31352508268587,4740.277986216306,247,Transport
2022-10-02 10:05:00,361.8254056349728,4702.987428661796,247,Transport
2022-10-02 10:10:00,554.3742530220767,4476.436116406113,247,Transport
2022-10-02 10:15:00,620.3108823479811,4079.478052167119,247,Transport
2022-10-02 10:20:00,616.1141707901548,3660.481135193048,247,Transport
2022-10-02 10:25:00,641.5651457940667,3241.933436648096,247,Transport
2022-10-02 10:30:00,605.0352009405825,3204.860613802215,247,AtHome
2022-10-02 10:35:00,615.3098822064323,3201.003200456854,247,Transport
2022-10-02 10:40:00,615.7144952874648,3541.3130936302646,247,Transport
2022-10-02 10:45:00,629.1024998407094,3960.967477453335,247,Transport
2022-10-02 10:50:00,572.0526467474274,4375.908873733891,247,Transport
2022-10-02 10:55:00,400.7848268574819,4623.759729032403,247,Transport
2022-10-02 11:00:00,62.08263586794361,4726.762882276073,247,Transport
2022-10-02 11:05:00,-228.5416636098629,4876.192230261836,247,Transport
2022-10-02 11:10:00,-270.7321517972405,5030.008217524723,247,AtRecreation
2022-10-02 12:25:00,-270.7321517972405,5030.008217524723,247,AtRecreation
2022-10-02 12:30:00,-260.45747053139064,5026.150804179361,247,Transport
2022-10-02 12:35:00,-56.31352508268587,4740.277986216306,247,Transport
2022-10-02 12:40:00,361.8254056349728,4702.987428661796,247,Transport
2022-10-02 12:45:00,554.3742530220767,4476.436116406113,247,Transport
2022-10-02 12:50:00,620.3108823479811,4079.478052167119,247,Transport
2022-10-02 12:55:00,616.1141707901548,3660.481135193048,247,Transport
2022-10-02 13:00:00,641.5651457940667,3241.933436648096,247,Transport
2022-10-02 13:05:00,605.0352009405825,3204.860613802215,247,AtHome
2022-10-02 13:10:00,615.3098822064323,3201.003200456854,247,Transport
2022-10-02 13:15:00,615.7144952874648,3541.3130936302646,247,Transport
2022-10-02 13:20:00,912.1358292519776,3665.7790038627113,247,Transport
2022-10-02 13:25:00,954.1633419054704,3995.460887129569,247,AtRecreation
2022-10-02 15:20:00,954.1633419054704,3995.460887129569,247,AtRecreation
2022-10-02 15:25:00,964.4380231713202,3991.603473784208,247,Transport
2022-10-02 15:30:00,827.6022596364746,3665.049294080348,247,Transport
2022-10-02 15:35:00,620.0233251212022,3456.885740287757,247,Transport
2022-10-02 15:40:00,605.0352009405825,3204.860613802215,247,AtHome
2022-10-02 15:45:00,615.3098822064323,3201.003200456854,247,Transport
2022-10-02 15:50:00,615.7144952874648,3541.3130936302646,247,Transport
2022-10-02 15:55:00,629.1024998407094,3960.967477453335,247,Transport
2022-10-02 16:00:00,572.0526467474274,4375.908873733891,247,Transport
2022-10-02 16:05:00,400.7848268574819,4623.759729032403,247,Transport
2022-10-02 16:10:00,62.08263586794361,4726.762882276073,247,Transport
2022-10-02 16:15:00,-228.5416636098629,4876.192230261836,247,Transport
2022-10-02 16:20:00,-270.7321517972405,5030.008217524723,247,AtRecreation
2022-10-02 17:40:00,-270.7321517972405,5030.008217524723,247,AtRecreation
2022-10-02 17:45:00,-260.45747053139064,5026.150804179361,247,Transport
2022-10-02 17:50:00,-56.31352508268587,4740.277986216306,247,Transport
2022-10-02 17:55:00,361.8254056349728,4702.987428661796,247,Transport
2022-10-02 18:00:00,554.3742530220767,4476.436116406113,247,Transport
2022-10-02 18:05:00,620.3108823479811,4079.478052167119,247,Transport
2022-10-02 18:10:00,616.1141707901548,3660.481135193048,247,Transport
2022-10-02 18:15:00,641.5651457940667,3241.933436648096,247,Transport
2022-10-02 18:20:00,605.0352009405825,3204.860613802215,247,AtHome
2022-10-03 07:10:00,605.0352009405825,3204.860613802215,247,AtHome
2022-10-03 07:15:00,615.3098822064323,3201.003200456854,247,Transport
2022-10-03 07:20:00,615.7144952874648,3541.3130936302646,247,Transport
2022-10-03 07:25:00,629.1024998407094,3960.967477453335,247,Transport
2022-10-03 07:30:00,926.3079687295595,4083.869339018834,247,Transport
2022-10-03 07:35:00,858.6274291297271,4394.198158029892,247,AtWork
2022-10-03 11:40:00,858.6274291297271,4394.198158029892,247,AtWork
2022-10-03 11:45:00,868.902110395577,4390.34074468453,247,Transport
2022-10-03 11:50:00,709.5155648477144,4482.374039900515,247,Transport
2022-10-03 11:55:00,687.9664346058763,4396.274081528693,247,AtRestaurant
2022-10-03 12:10:00,687.9664346058763,4396.274081528693,247,AtRestaurant
2022-10-03 12:15:00,698.2411158717262,4392.416668183332,247,Transport
2022-10-03 12:20:00,858.6274291297271,4394.198158029892,247,AtWork
2022-10-03 16:10:00,858.6274291297271,4394.198158029892,247,AtWork
2022-10-03 16:15:00,868.902110395577,4390.34074468453,247,Transport
2022-10-03 16:20:00,828.0037422444615,4056.043368774391,247,Transport
2022-10-03 16:25:00,623.3748718539276,3839.641921022485,247,Transport
2022-10-03 16:30:00,622.6455910247329,3420.0719595151027,247,Transport
2022-10-03 16:35:00,605.0352009405825,3204.860613802215,247,AtHome
2022-10-04 07:10:00,605.0352009405825,3204.860613802215,247,AtHome
2022-10-04 07:15:00,615.3098822064323,3201.003200456854,247,Transport
2022-10-04 07:20:00,615.7144952874648,3541.3130936302646,247,Transport
2022-10-04 07:25:00,629.1024998407094,3960.967477453335,247,Transport
2022-10-04 07:30:00,926.3079687295595,4083.869339018834,247,Transport
2022-10-04 07:35:00,858.6274291297271,4394.198158029892,247,AtWork
2022-10-04 11:40:00,858.6274291297271,4394.198158029892,247,AtWork
2022-10-04 11:45:00,868.902110395577,4390.34074468453,247,Transport
2022-10-04 11:50:00,709.5155648477144,4482.374039900515,247,Transport
2022-10-04 11:55:00,687.9664346058763,4396.274081528693,247,AtRestaurant
2022-10-04 12:10:00,687.9664346058763,4396.274081528693,247,AtRestaurant
2022-10-04 12:15:00,698.2411158717262,4392.416668183332,247,Transport
2022-10-04 12:20:00,858.6274291297271,4394.198158029892,247,AtWork
2022-10-04 16:10:00,858.6274291297271,4394.198158029892,247,AtWork
2022-10-04 16:15:00,868.902110395577,4390.34074468453,247,Transport
2022-10-04 16:20:00,828.0037422444615,4056.043368774391,247,Transport
2022-10-04 16:25:00,623.3748718539276,3839.641921022485,247,Transport
2022-10-04 16:30:00,622.6455910247329,3420.0719595151027,247,Transport
2022-10-04 16:35:00,605.0352009405825,3204.860613802215,247,AtHome
2022-10-04 16:50:00,605.0352009405825,3204.860613802215,247,AtHome
2022-10-04 16:55:00,615.3098822064323,3201.003200456854,247,Transport
2022-10-04 17:00:00,642.1874810231475,2703.295710883523,247,Transport
2022-10-04 17:05:00,641.9345114113765,2283.921131578666,247,Transport
2022-10-04 17:10:00,621.2383910372893,2005.3346159490147,247,AtRestaurant
2022-10-04 17:25:00,621.2383910372893,2005.3346159490147,247,AtRestaurant
2022-10-04 17:30:00,631.5130723031391,2001.4772026036533,247,Transport
2022-10-04 17:35:00,646.5072927151671,2376.165197219661,247,Transport
2022-10-04 17:40:00,640.2712967202582,2795.6074581791536,247,Transport
2022-10-04 17:45:00,605.0352009405825,3204.860613802215,247,AtHome
2022-10-05 07:10:00,605.0352009405825,3204.860613802215,247,AtHome
2022-10-05 07:15:00,615.3098822064323,3201.003200456854,247,Transport
2022-10-05 07:20:00,615.7144952874648,3541.3130936302646,247,Transport
2022-10-05 07:25:00,629.1024998407094,3960.967477453335,247,Transport
2022-10-05 07:30:00,926.3079687295595,4083.869339018834,247,Transport
2022-10-05 07:35:00,858.6274291297271,4394.198158029892,247,AtWork
2022-10-05 11:40:00,858.6274291297271,4394.198158029892,247,AtWork
2022-10-05 11:45:00,868.902110395577,4390.34074468453,247,Transport
2022-10-05 11:50:00,709.5155648477144,4482.374039900515,247,Transport
2022-10-05 11:55:00,687.9664346058763,4396.274081528693,247,AtRestaurant
2022-10-05 12:10:00,687.9664346058763,4396.274081528693,247,AtRestaurant
2022-10-05 12:15:00,698.2411158717262,4392.416668183332,247,Transport
2022-10-05 12:20:00,858.6274291297271,4394.198158029892,247,AtWork
2022-10-05 16:10:00,858.6274291297271,4394.198158029892,247,AtWork
2022-10-05 16:15:00,868.902110395577,4390.34074468453,247,Transport
2022-10-05 16:20:00,828.0037422444615,4056.043368774391,247,Transport
2022-10-05 16:25:00,623.3748718539276,3839.641921022485,247,Transport
2022-10-05 16:30:00,622.6455910247329,3420.0719595151027,247,Transport
2022-10-05 16:35:00,605.0352009405825,3204.860613802215,247,AtHome
2022-10-05 16:50:00,605.0352009405825,3204.860613802215,247,AtHome
2022-10-05 16:55:00,615.3098822064323,3201.003200456854,247,Transport
2022-10-05 17:00:00,642.1874810231475,2703.295710883523,247,Transport
2022-10-05 17:05:00,641.9345114113765,2283.921131578666,247,Transport
2022-10-05 17:10:00,621.2383910372893,2005.3346159490147,247,AtRestaurant
2022-10-05 17:25:00,621.2383910372893,2005.3346159490147,247,AtRestaurant
2022-10-05 17:30:00,631.5130723031391,2001.4772026036533,247,Transport
2022-10-05 17:35:00,646.5072927151671,2376.165197219661,247,Transport
2022-10-05 17:40:00,640.2712967202582,2795.6074581791536,247,Transport
2022-10-05 17:45:00,605.0352009405825,3204.860613802215,247,AtHome
2022-10-06 07:10:00,605.0352009405825,3204.860613802215,247,AtHome
2022-10-06 07:15:00,615.3098822064323,3201.003200456854,247,Transport
2022-10-06 07:20:00,615.7144952874648,3541.3130936302646,247,Transport
2022-10-06 07:25:00,629.1024998407094,3960.967477453335,247,Transport
2022-10-06 07:30:00,926.3079687295595,4083.869339018834,247,Transport
2022-10-06 07:35:00,858.6274291297271,4394.198158029892,247,AtWork
2022-10-06 11:40:00,858.6274291297271,4394.198158029892,247,AtWork
2022-10-06 11:45:00,868.902110395577,4390.34074468453,247,Transport
2022-10-06 11:50:00,709.5155648477144,4482.374039900515,247,Transport
2022-10-06 11:55:00,687.9664346058763,4396.274081528693,247,AtRestaurant
2022-10-06 12:10:00,687.9664346058763,4396.274081528693,247,AtRestaurant
2022-10-06 12:15:00,698.2411158717262,4392.416668183332,247,Transport
2022-10-06 12:20:00,858.6274291297271,4394.198158029892,247,AtWork
2022-10-06 16:10:00,858.6274291297271,4394.198158029892,247,AtWork
2022-10-06 16:15:00,868.902110395577,4390.34074468453,247,Transport
2022-10-06 16:20:00,828.0037422444615,4056.043368774391,247,Transport
2022-10-06 16:25:00,623.3748718539276,3839.641921022485,247,Transport
2022-10-06 16:30:00,622.6455910247329,3420.0719595151027,247,Transport
2022-10-06 16:35:00,605.0352009405825,3204.860613802215,247,AtHome
2022-10-06 16:50:00,605.0352009405825,3204.860613802215,247,AtHome
2022-10-06 16:55:00,615.3098822064323,3201.003200456854,247,Transport
2022-10-06 17:00:00,642.1874810231475,2703.295710883523,247,Transport
2022-10-06 17:05:00,641.9345114113765,2283.921131578666,247,Transport
2022-10-06 17:10:00,621.2383910372893,2005.3346159490147,247,AtRestaurant
2022-10-06 17:25:00,621.2383910372893,2005.3346159490147,247,AtRestaurant
2022-10-06 17:30:00,631.5130723031391,2001.4772026036533,247,Transport
2022-10-06 17:35:00,646.5072927151671,2376.165197219661,247,Transport
2022-10-06 17:40:00,640.2712967202582,2795.6074581791536,247,Transport
2022-10-06 17:45:00,605.0352009405825,3204.860613802215,247,AtHome
2022-10-06 22:05:00,605.0352009405825,3204.860613802215,247,AtHome
2022-10-06 22:10:00,615.3098822064323,3201.003200456854,247,Transport
2022-10-06 22:15:00,642.1874810231475,2703.295710883523,247,Transport
2022-10-06 22:20:00,641.9345114113765,2283.921131578666,247,Transport
2022-10-06 22:25:00,621.2383910372893,2005.3346159490147,247,AtRestaurant
2022-10-06 22:30:00,631.5130723031391,2001.4772026036533,247,Transport
2022-10-06 22:35:00,646.5072927151671,2376.165197219661,247,Transport
2022-10-06 22:40:00,640.2712967202582,2795.6074581791536,247,Transport
2022-10-06 22:45:00,605.0352009405825,3204.860613802215,247,AtHome
2022-10-07 07:10:00,605.0352009405825,3204.860613802215,247,AtHome
2022-10-07 07:15:00,615.3098822064323,3201.003200456854,247,Transport
2022-10-07 07:20:00,615.7144952874648,3541.3130936302646,247,Transport
2022-10-07 07:25:00,629.1024998407094,3960.967477453335,247,Transport
2022-10-07 07:30:00,926.3079687295595,4083.869339018834,247,Transport
2022-10-07 07:35:00,858.6274291297271,4394.198158029892,247,AtWork
2022-10-07 11:40:00,858.6274291297271,4394.198158029892,247,AtWork
2022-10-07 11:45:00,868.902110395577,4390.34074468453,247,Transport
2022-10-07 11:50:00,709.5155648477144,4482.374039900515,247,Transport
2022-10-07 11:55:00,687.9664346058763,4396.274081528693,247,AtRestaurant
2022-10-07 12:10:00,687.9664346058763,4396.274081528693,247,AtRestaurant
2022-10-07 12:15:00,698.2411158717262,4392.416668183332,247,Transport
2022-10-07 12:20:00,858.6274291297271,4394.198158029892,247,AtWork
2022-10-07 16:10:00,858.6274291297271,4394.198158029892,247,AtWork
2022-10-07 16:15:00,868.902110395577,4390.34074468453,247,Transport
2022-10-07 16:20:00,828.0037422444615,4056.043368774391,247,Transport
2022-10-07 16:25:00,623.3748718539276,3839.641921022485,247,Transport
2022-10-07 16:30:00,622.6455910247329,3420.0719595151027,247,Transport
2022-10-07 16:35:00,605.0352009405825,3204.860613802215,247,AtHome
2022-10-07 16:50:00,605.0352009405825,3204.860613802215,247,AtHome
2022-10-07 16:55:00,615.3098822064323,3201.003200456854,247,Transport
2022-10-07 17:00:00,642.1874810231475,2703.295710883523,247,Transport
2022-10-07 17:05:00,641.9345114113765,2283.921131578666,247,Transport
2022-10-07 17:10:00,621.2383910372893,2005.3346159490147,247,AtRestaurant
2022-10-07 17:25:00,621.2383910372893,2005.3346159490147,247,AtRestaurant
2022-10-07 17:30:00,631.5130723031391,2001.4772026036533,247,Transport
2022-10-07 17:35:00,646.5072927151671,2376.165197219661,247,Transport
2022-10-07 17:40:00,640.2712967202582,2795.6074581791536,247,Transport
2022-10-07 17:45:00,605.0352009405825,3204.860613802215,247,AtHome
2022-10-07 22:05:00,605.0352009405825,3204.860613802215,247,AtHome
2022-10-07 22:10:00,615.3098822064323,3201.003200456854,247,Transport
2022-10-07 22:15:00,642.1874810231475,2703.295710883523,247,Transport
2022-10-07 22:20:00,641.9345114113765,2283.921131578666,247,Transport
2022-10-07 22:25:00,621.2383910372893,2005.3346159490147,247,AtRestaurant
2022-10-07 22:30:00,631.5130723031391,2001.4772026036533,247,Transport
2022-10-07 22:35:00,646.5072927151671,2376.165197219661,247,Transport
2022-10-07 22:40:00,640.2712967202582,2795.6074581791536,247,Transport
2022-10-07 22:45:00,605.0352009405825,3204.860613802215,247,AtHome
2022-11-01 07:10:00,605.0352009405825,3204.860613802215,247,AtHome
2022-11-01 07:15:00,615.3098822064323,3201.003200456854,247,Transport
2022-11-01 07:20:00,615.7144952874648,3541.3130936302646,247,Transport
2022-11-01 07:25:00,629.1024998407094,3960.967477453335,247,Transport
2022-11-01 07:30:00,926.3079687295595,4083.869339018834,247,Transport
2022-11-01 07:35:00,858.6274291297271,4394.198158029892,247,AtWork
2022-11-01 11:40:00,858.6274291297271,4394.198158029892,247,AtWork
2022-11-01 11:45:00,868.902110395577,4390.34074468453,247,Transport
2022-11-01 11:50:00,709.5155648477144,4482.374039900515,247,Transport
2022-11-01 11:55:00,687.9664346058763,4396.274081528693,247,AtRestaurant
2022-11-01 12:10:00,687.9664346058763,4396.274081528693,247,AtRestaurant
2022-11-01 12:15:00,698.2411158717262,4392.416668183332,247,Transport
2022-11-01 12:20:00,858.6274291297271,4394.198158029892,247,AtWork
2022-11-01 16:10:00,858.6274291297271,4394.198158029892,247,AtWork
2022-11-01 16:15:00,868.902110395577,4390.34074468453,247,Transport
2022-11-01 16:20:00,828.0037422444615,4056.043368774391,247,Transport
2022-11-01 16:25:00,623.3748718539276,3839.641921022485,247,Transport
2022-11-01 16:30:00,622.6455910247329,3420.0719595151027,247,Transport
2022-11-01 16:35:00,605.0352009405825,3204.860613802215,247,AtHome
2022-11-01 16:50:00,605.0352009405825,3204.860613802215,247,AtHome
2022-11-01 16:55:00,615.3098822064323,3201.003200456854,247,Transport
2022-11-01 17:00:00,642.1874810231475,2703.295710883523,247,Transport
2022-11-01 17:05:00,641.9345114113765,2283.921131578666,247,Transport
2022-11-01 17:10:00,621.2383910372893,2005.3346159490147,247,AtRestaurant
2022-11-01 17:25:00,621.2383910372893,2005.3346159490147,247,AtRestaurant
2022-11-01 17:30:00,631.5130723031391,2001.4772026036533,247,Transport
2022-11-01 17:35:00,646.5072927151671,2376.165197219661,247,Transport
2022-11-01 17:40:00,640.2712967202582,2795.6074581791536,247,Transport
2022-11-01 17:45:00,605.0352009405825,3204.860613802215,247,AtHome
2022-11-02 07:10:00,605.0352009405825,3204.860613802215,247,AtHome
2022-11-02 07:15:00,615.3098822064323,3201.003200456854,247,Transport
2022-11-02 07:20:00,615.7144952874648,3541.3130936302646,247,Transport
2022-11-02 07:25:00,629.1024998407094,3960.967477453335,247,Transport
2022-11-02 07:30:00,926.3079687295595,4083.869339018834,247,Transport
2022-11-02 07:35:00,858.6274291297271,4394.198158029892,247,AtWork
2022-11-02 11:40:00,858.6274291297271,4394.198158029892,247,AtWork
2022-11-02 11:45:00,868.902110395577,4390.34074468453,247,Transport
2022-11-02 11:50:00,709.5155648477144,4482.374039900515,247,Transport
2022-11-02 11:55:00,687.9664346058763,4396.274081528693,247,AtRestaurant
2022-11-02 12:10:00,687.9664346058763,4396.274081528693,247,AtRestaurant
2022-11-02 12:15:00,698.2411158717262,4392.416668183332,247,Transport
2022-11-02 12:20:00,858.6274291297271,4394.198158029892,247,AtWork
2022-11-02 16:10:00,858.6274291297271,4394.198158029892,247,AtWork
2022-11-02 16:15:00,868.902110395577,4390.34074468453,247,Transport
2022-11-02 16:20:00,828.0037422444615,4056.043368774391,247,Transport
2022-11-02 16:25:00,623.3748718539276,3839.641921022485,247,Transport
2022-11-02 16:30:00,622.6455910247329,3420.0719595151027,247,Transport
2022-11-02 16:35:00,605.0352009405825,3204.860613802215,247,AtHome
2022-11-02 16:50:00,605.0352009405825,3204.860613802215,247,AtHome
2022-11-02 16:55:00,615.3098822064323,3201.003200456854,247,Transport
2022-11-02 17:00:00,642.1874810231475,2703.295710883523,247,Transport
2022-11-02 17:05:00,641.9345114113765,2283.921131578666,247,Transport
2022-11-02 17:10:00,621.2383910372893,2005.3346159490147,247,AtRestaurant
2022-11-02 17:25:00,621.2383910372893,2005.3346159490147,247,AtRestaurant
2022-11-02 17:30:00,631.5130723031391,2001.4772026036533,247,Transport
2022-11-02 17:35:00,646.5072927151671,2376.165197219661,247,Transport
2022-11-02 17:40:00,640.2712967202582,2795.6074581791536,247,Transport
2022-11-02 17:45:00,605.0352009405825,3204.860613802215,247,AtHome
2022-11-03 07:10:00,605.0352009405825,3204.860613802215,247,AtHome
2022-11-03 07:15:00,615.3098822064323,3201.003200456854,247,Transport
2022-11-03 07:20:00,615.7144952874648,3541.3130936302646,247,Transport
2022-11-03 07:25:00,629.1024998407094,3960.967477453335,247,Transport
2022-11-03 07:30:00,926.3079687295595,4083.869339018834,247,Transport
2022-11-03 07:35:00,858.6274291297271,4394.198158029892,247,AtWork
2022-11-03 11:40:00,858.6274291297271,4394.198158029892,247,AtWork
2022-11-03 11:45:00,868.902110395577,4390.34074468453,247,Transport
2022-11-03 11:50:00,709.5155648477144,4482.374039900515,247,Transport
2022-11-03 11:55:00,687.9664346058763,4396.274081528693,247,AtRestaurant
2022-11-03 12:10:00,687.9664346058763,4396.274081528693,247,AtRestaurant
2022-11-03 12:15:00,698.2411158717262,4392.416668183332,247,Transport
2022-11-03 12:20:00,858.6274291297271,4394.198158029892,247,AtWork
2022-11-03 16:10:00,858.6274291297271,4394.198158029892,247,AtWork
2022-11-03 16:15:00,868.902110395577,4390.34074468453,247,Transport
2022-11-03 16:20:00,828.0037422444615,4056.043368774391,247,Transport
2022-11-03 16:25:00,623.3748718539276,3839.641921022485,247,Transport
2022-11-03 16:30:00,622.6455910247329,3420.0719595151027,247,Transport
2022-11-03 16:35:00,605.0352009405825,3204.860613802215,247,AtHome
2022-11-03 16:50:00,605.0352009405825,3204.860613802215,247,AtHome
2022-11-03 16:55:00,615.3098822064323,3201.003200456854,247,Transport
2022-11-03 17:00:00,642.1874810231475,2703.295710883523,247,Transport
2022-11-03 17:05:00,641.9345114113765,2283.921131578666,247,Transport
2022-11-03 17:10:00,621.2383910372893,2005.3346159490147,247,AtRestaurant
2022-11-03 17:25:00,621.2383910372893,2005.3346159490147,247,AtRestaurant
2022-11-03 17:30:00,631.5130723031391,2001.4772026036533,247,Transport
2022-11-03 17:35:00,646.5072927151671,2376.165197219661,247,Transport
2022-11-03 17:40:00,640.2712967202582,2795.6074581791536,247,Transport
2022-11-03 17:45:00,605.0352009405825,3204.860613802215,247,AtHome
2022-11-04 07:10:00,605.0352009405825,3204.860613802215,247,AtHome
2022-11-04 07:15:00,615.3098822064323,3201.003200456854,247,Transport
2022-11-04 07:20:00,615.7144952874648,3541.3130936302646,247,Transport
2022-11-04 07:25:00,629.1024998407094,3960.967477453335,247,Transport
2022-11-04 07:30:00,926.3079687295595,4083.869339018834,247,Transport
2022-11-04 07:35:00,858.6274291297271,4394.198158029892,247,AtWork
2022-11-04 11:40:00,858.6274291297271,4394.198158029892,247,AtWork
2022-11-04 11:45:00,868.902110395577,4390.34074468453,247,Transport
2022-11-04 11:50:00,709.5155648477144,4482.374039900515,247,Transport
2022-11-04 11:55:00,687.9664346058763,4396.274081528693,247,AtRestaurant
2022-11-04 12:10:00,687.9664346058763,4396.274081528693,247,AtRestaurant
2022-11-04 12:15:00,698.2411158717262,4392.416668183332,247,Transport
2022-11-04 12:20:00,858.6274291297271,4394.198158029892,247,AtWork
2022-11-04 16:10:00,858.6274291297271,4394.198158029892,247,AtWork
2022-11-04 16:15:00,868.902110395577,4390.34074468453,247,Transport
2022-11-04 16:20:00,828.0037422444615,4056.043368774391,247,Transport
2022-11-04 16:25:00,623.3748718539276,3839.641921022485,247,Transport
2022-11-04 16:30:00,622.6455910247329,3420.0719595151027,247,Transport
2022-11-04 16:35:00,605.0352009405825,3204.860613802215,247,AtHome
2022-11-04 16:40:00,615.3098822064323,3201.003200456854,247,Transport
2022-11-04 16:45:00,615.7144952874648,3541.3130936302646,247,Transport
2022-11-04 16:50:00,912.1358292519776,3665.7790038627113,247,Transport
2022-11-04 16:55:00,954.1633419054704,3995.460887129569,247,AtRecreation
2022-11-04 19:10:00,954.1633419054704,3995.460887129569,247,AtRecreation
2022-11-04 19:15:00,964.4380231713202,3991.603473784208,247,Transport
2022-11-04 19:20:00,827.6022596364746,3665.049294080348,247,Transport
2022-11-04 19:25:00,620.0233251212022,3456.885740287757,247,Transport
2022-11-04 19:30:00,605.0352009405825,3204.860613802215,247,AtHome
2022-11-04 19:35:00,615.3098822064323,3201.003200456854,247,Transport
2022-11-04 19:40:00,615.7144952874648,3541.3130936302646,247,Transport
2022-11-04 19:45:00,912.1358292519776,3665.7790038627113,247,Transport
2022-11-04 19:50:00,954.1633419054704,3995.460887129569,247,AtRecreation
2022-11-04 22:00:00,954.1633419054704,3995.460887129569,247,AtRecreation
2022-11-04 22:05:00,964.4380231713202,3991.603473784208,247,Transport
2022-11-04 22:10:00,827.6022596364746,3665.049294080348,247,Transport
2022-11-04 22:15:00,620.0233251212022,3456.885740287757,247,Transport
2022-11-04 22:20:00,605.0352009405825,3204.860613802215,247,AtHome
2022-11-05 11:40:00,605.0352009405825,3204.860613802215,247,AtHome
2022-11-05 11:45:00,615.3098822064323,3201.003200456854,247,Transport
2022-11-05 11:50:00,642.1874810231475,2703.295710883523,247,Transport
2022-11-05 11:55:00,641.9345114113765,2283.921131578666,247,Transport
2022-11-05 12:00:00,621.2383910372893,2005.3346159490147,247,AtRestaurant
2022-11-05 12:15:00,621.2383910372893,2005.3346159490147,247,AtRestaurant
2022-11-05 12:20:00,631.5130723031391,2001.4772026036533,247,Transport
2022-11-05 12:25:00,646.5072927151671,2376.165197219661,247,Transport
2022-11-05 12:30:00,640.2712967202582,2795.6074581791536,247,Transport
2022-11-05 12:35:00,605.0352009405825,3204.860613802215,247,AtHome
2022-11-05 21:35:00,605.0352009405825,3204.860613802215,247,AtHome
2022-11-05 21:40:00,615.3098822064323,3201.003200456854,247,Transport
2022-11-05 21:45:00,642.1874810231475,2703.295710883523,247,Transport
2022-11-05 21:50:00,641.9345114113765,2283.921131578666,247,Transport
2022-11-05 21:55:00,621.2383910372893,2005.3346159490147,247,AtRestaurant
2022-11-05 22:10:00,621.2383910372893,2005.3346159490147,247,AtRestaurant
2022-11-05 22:15:00,631.5130723031391,2001.4772026036533,247,Transport
2022-11-05 22:20:00,646.5072927151671,2376.165197219661,247,Transport
2022-11-05 22:25:00,640.2712967202582,2795.6074581791536,247,Transport
2022-11-05 22:30:00,605.0352009405825,3204.860613802215,247,AtHome
2022-11-06 11:40:00,605.0352009405825,3204.860613802215,247,AtHome
2022-11-06 11:45:00,615.3098822064323,3201.003200456854,247,Transport
2022-11-06 11:50:00,642.1874810231475,2703.295710883523,247,Transport
2022-11-06 11:55:00,641.9345114113765,2283.921131578666,247,Transport
2022-11-06 12:00:00,621.2383910372893,2005.3346159490147,247,AtRestaurant
2022-11-06 12:15:00,621.2383910372893,2005.3346159490147,247,AtRestaurant
2022-11-06 12:20:00,631.5130723031391,2001.4772026036533,247,Transport
2022-11-06 12:25:00,646.5072927151671,2376.165197219661,247,Transport
2022-11-06 12:30:00,640.2712967202582,2795.6074581791536,247,Transport
2022-11-06 12:35:00,605.0352009405825,3204.860613802215,247,AtHome
2022-11-06 16:55:00,605.0352009405825,3204.860613802215,247,AtHome
2022-11-06 17:00:00,615.3098822064323,3201.003200456854,247,Transport
2022-11-06 17:05:00,642.1874810231475,2703.295710883523,247,Transport
2022-11-06 17:10:00,641.9345114113765,2283.921131578666,247,Transport
2022-11-06 17:15:00,621.2383910372893,2005.3346159490147,247,AtRestaurant
2022-11-06 17:30:00,621.2383910372893,2005.3346159490147,247,AtRestaurant
2022-11-06 17:35:00,631.5130723031391,2001.4772026036533,247,Transport
2022-11-06 17:40:00,646.5072927151671,2376.165197219661,247,Transport
2022-11-06 17:45:00,640.2712967202582,2795.6074581791536,247,Transport
2022-11-06 17:50:00,605.0352009405825,3204.860613802215,247,AtHome
2022-11-06 22:10:00,605.0352009405825,3204.860613802215,247,AtHome
2022-11-06 22:15:00,615.3098822064323,3201.003200456854,247,Transport
2022-11-06 22:20:00,642.1874810231475,2703.295710883523,247,Transport
2022-11-06 22:25:00,641.9345114113765,2283.921131578666,247,Transport
2022-11-06 22:30:00,621.2383910372893,2005.3346159490147,247,AtRestaurant
2022-11-06 22:35:00,631.5130723031391,2001.4772026036533,247,Transport
2022-11-06 22:40:00,646.5072927151671,2376.165197219661,247,Transport
2022-11-06 22:45:00,640.2712967202582,2795.6074581791536,247,Transport
2022-11-06 22:50:00,605.0352009405825,3204.860613802215,247,AtHome
2022-11-07 07:10:00,605.0352009405825,3204.860613802215,247,AtHome
2022-11-07 07:15:00,615.3098822064323,3201.003200456854,247,Transport
2022-11-07 07:20:00,615.7144952874648,3541.3130936302646,247,Transport
2022-11-07 07:25:00,629.1024998407094,3960.967477453335,247,Transport
2022-11-07 07:30:00,926.3079687295595,4083.869339018834,247,Transport
2022-11-07 07:35:00,858.6274291297271,4394.198158029892,247,AtWork
2022-11-07 11:40:00,858.6274291297271,4394.198158029892,247,AtWork
2022-11-07 11:45:00,868.902110395577,4390.34074468453,247,Transport
2022-11-07 11:50:00,709.5155648477144,4482.374039900515,247,Transport
2022-11-07 11:55:00,687.9664346058763,4396.274081528693,247,AtRestaurant
2022-11-07 12:10:00,687.9664346058763,4396.274081528693,247,AtRestaurant
2022-11-07 12:15:00,698.2411158717262,4392.416668183332,247,Transport
2022-11-07 12:20:00,858.6274291297271,4394.198158029892,247,AtWork
2022-11-07 16:10:00,858.6274291297271,4394.198158029892,247,AtWork
2022-11-07 16:15:00,868.902110395577,4390.34074468453,247,Transport
2022-11-07 16:20:00,828.0037422444615,4056.043368774391,247,Transport
2022-11-07 16:25:00,623.3748718539276,3839.641921022485,247,Transport
2022-11-07 16:30:00,622.6455910247329,3420.0719595151027,247,Transport
2022-11-07 16:35:00,605.0352009405825,3204.860613802215,247,AtHome
2022-11-07 16:50:00,605.0352009405825,3204.860613802215,247,AtHome
2022-11-07 16:55:00,615.3098822064323,3201.003200456854,247,Transport
2022-11-07 17:00:00,642.1874810231475,2703.295710883523,247,Transport
2022-11-07 17:05:00,641.9345114113765,2283.921131578666,247,Transport
2022-11-07 17:10:00,621.2383910372893,2005.3346159490147,247,AtRestaurant
2022-11-07 17:25:00,621.2383910372893,2005.3346159490147,247,AtRestaurant
2022-11-07 17:30:00,631.5130723031391,2001.4772026036533,247,Transport
2022-11-07 17:35:00,646.5072927151671,2376.165197219661,247,Transport
2022-11-07 17:40:00,640.2712967202582,2795.6074581791536,247,Transport
2022-11-07 17:45:00,605.0352009405825,3204.860613802215,247,AtHome
2022-11-07 22:05:00,605.0352009405825,3204.860613802215,247,AtHome
2022-11-07 22:10:00,615.3098822064323,3201.003200456854,247,Transport
2022-11-07 22:15:00,642.1874810231475,2703.295710883523,247,Transport
2022-11-07 22:20:00,641.9345114113765,2283.921131578666,247,Transport
2022-11-07 22:25:00,621.2383910372893,2005.3346159490147,247,AtRestaurant
2022-11-07 22:30:00,631.5130723031391,2001.4772026036533,247,Transport
2022-11-07 22:35:00,646.5072927151671,2376.165197219661,247,Transport
2022-11-07 22:40:00,640.2712967202582,2795.6074581791536,247,Transport
2022-11-07 22:45:00,605.0352009405825,3204.860613802215,247,AtHome
2022-12-01 07:10:00,605.0352009405825,3204.860613802215,247,AtHome
2022-12-01 07:15:00,615.3098822064323,3201.003200456854,247,Transport
2022-12-01 07:20:00,615.7144952874648,3541.3130936302646,247,Transport
2022-12-01 07:25:00,629.1024998407094,3960.967477453335,247,Transport
2022-12-01 07:30:00,926.3079687295595,4083.869339018834,247,Transport
2022-12-01 07:35:00,858.6274291297271,4394.198158029892,247,AtWork
2022-12-01 11:40:00,858.6274291297271,4394.198158029892,247,AtWork
2022-12-01 11:45:00,868.902110395577,4390.34074468453,247,Transport
2022-12-01 11:50:00,709.5155648477144,4482.374039900515,247,Transport
2022-12-01 11:55:00,687.9664346058763,4396.274081528693,247,AtRestaurant
2022-12-01 12:10:00,687.9664346058763,4396.274081528693,247,AtRestaurant
2022-12-01 12:15:00,698.2411158717262,4392.416668183332,247,Transport
2022-12-01 12:20:00,858.6274291297271,4394.198158029892,247,AtWork
2022-12-01 16:10:00,858.6274291297271,4394.198158029892,247,AtWork
2022-12-01 16:15:00,868.902110395577,4390.34074468453,247,Transport
2022-12-01 16:20:00,828.0037422444615,4056.043368774391,247,Transport
2022-12-01 16:25:00,623.3748718539276,3839.641921022485,247,Transport
2022-12-01 16:30:00,622.6455910247329,3420.0719595151027,247,Transport
2022-12-01 16:35:00,605.0352009405825,3204.860613802215,247,AtHome
2022-12-01 16:40:00,615.3098822064323,3201.003200456854,247,Transport
2022-12-01 16:45:00,615.7144952874648,3541.3130936302646,247,Transport
2022-12-01 16:50:00,629.1024998407094,3960.967477453335,247,Transport
2022-12-01 16:55:00,572.0526467474274,4375.908873733891,247,Transport
2022-12-01 17:00:00,400.7848268574819,4623.759729032403,247,Transport
2022-12-01 17:05:00,62.08263586794361,4726.762882276073,247,Transport
2022-12-01 17:10:00,-228.5416636098629,4876.192230261836,247,Transport
2022-12-01 17:15:00,-270.7321517972405,5030.008217524723,247,AtRecreation
2022-12-01 17:20:00,-260.45747053139064,5026.150804179361,247,Transport
2022-12-01 17:25:00,-56.31352508268587,4740.277986216306,247,Transport
2022-12-01 17:30:00,361.8254056349728,4702.987428661796,247,Transport
2022-12-01 17:35:00,554.3742530220767,4476.436116406113,247,Transport
2022-12-01 17:40:00,687.9664346058763,4396.274081528693,247,AtRestaurant
2022-12-01 17:55:00,687.9664346058763,4396.274081528693,247,AtRestaurant
2022-12-01 18:00:00,698.2411158717262,4392.416668183332,247,Transport
2022-12-01 18:05:00,401.00364888735993,4632.191656083583,247,Transport
2022-12-01 18:10:00,53.71315310962717,4727.81027677455,247,Transport
2022-12-01 18:15:00,-230.4186780140786,4884.415495659691,247,Transport
2022-12-01 18:20:00,-270.7321517972405,5030.008217524723,247,AtRecreation
2022-12-01 18:35:00,-270.7321517972405,5030.008217524723,247,AtRecreation
2022-12-01 18:40:00,-260.45747053139064,5026.150804179361,247,Transport
2022-12-01 18:45:00,-56.31352508268587,4740.277986216306,247,Transport
2022-12-01 18:50:00,361.8254056349728,4702.987428661796,247,Transport
2022-12-01 18:55:00,554.3742530220767,4476.436116406113,247,Transport
2022-12-01 19:00:00,620.3108823479811,4079.478052167119,247,Transport
2022-12-01 19:05:00,616.1141707901548,3660.481135193048,247,Transport
2022-12-01 19:10:00,641.5651457940667,3241.933436648096,247,Transport
2022-12-01 19:15:00,605.0352009405825,3204.860613802215,247,AtHome
2022-12-01 19:20:00,615.3098822064323,3201.003200456854,247,Transport
2022-12-01 19:25:00,615.7144952874648,3541.3130936302646,247,Transport
2022-12-01 19:30:00,629.1024998407094,3960.967477453335,247,Transport
2022-12-01 19:35:00,572.0526467474274,4375.908873733891,247,Transport
2022-12-01 19:40:00,253.9183012035699,4473.425158681876,247,Transport
2022-12-01 19:45:00,190.3099082388192,4100.386250173873,247,Transport
2022-12-01 19:50:00,-227.924773664714,4123.905522141427,247,Transport
2022-12-01 19:55:00,-48.73849432142425,3890.999541848754,247,Transport
2022-12-01 20:00:00,-236.19566791087192,3881.911110971474,247,AtRecreation
2022-12-01 21:35:00,-236.19566791087192,3881.911110971474,247,AtRecreation
2022-12-01 21:40:00,-225.9209866450221,3878.053697626113,247,Transport
2022-12-01 21:45:00,-49.330318444446,3986.322344996892,247,Transport
2022-12-01 21:50:00,-133.37526873220492,4111.11260730294,247,Transport
2022-12-01 21:55:00,188.61397305386183,4195.410110193234,247,Transport
2022-12-01 22:00:00,349.0352898431787,4478.16622847438,247,Transport
2022-12-01 22:05:00,580.3965404548777,4280.867776814112,247,Transport
2022-12-01 22:10:00,624.7941609893063,3865.653540506299,247,Transport
2022-12-01 22:15:00,620.679512600292,3446.033492504884,247,Transport
2022-12-01 22:20:00,605.0352009405825,3204.860613802215,247,AtHome
2022-12-01 22:25:00,615.3098822064323,3201.003200456854,247,Transport
2022-12-01 22:30:00,615.7144952874648,3541.3130936302646,247,Transport
2022-12-01 22:35:00,629.1024998407094,3960.967477453335,247,Transport
2022-12-01 22:40:00,572.0526467474274,4375.908873733891,247,Transport
2022-12-01 22:45:00,400.7848268574819,4623.759729032403,247,Transport
2022-12-01 22:50:00,62.08263586794361,4726.762882276073,247,Transport
2022-12-01 22:55:00,-228.5416636098629,4876.192230261836,247,Transport
2022-12-01 23:00:00,-270.7321517972405,5030.008217524723,247,AtRecreation
2022-12-01 23:05:00,-260.45747053139064,5026.150804179361,247,Transport
2022-12-01 23:10:00,-56.31352508268587,4740.277986216306,247,Transport
2022-12-01 23:15:00,361.8254056349728,4702.987428661796,247,Transport
2022-12-01 23:20:00,554.3742530220767,4476.436116406113,247,Transport
2022-12-01 23:25:00,620.3108823479811,4079.478052167119,247,Transport
2022-12-01 23:30:00,616.1141707901548,3660.481135193048,247,Transport
2022-12-01 23:35:00,641.5651457940667,3241.933436648096,247,Transport
2022-12-01 23:40:00,605.0352009405825,3204.860613802215,247,AtHome
2022-12-02 07:10:00,605.0352009405825,3204.860613802215,247,AtHome
2022-12-02 07:15:00,615.3098822064323,3201.003200456854,247,Transport
2022-12-02 07:20:00,615.7144952874648,3541.3130936302646,247,Transport
2022-12-02 07:25:00,629.1024998407094,3960.967477453335,247,Transport
2022-12-02 07:30:00,926.3079687295595,4083.869339018834,247,Transport
2022-12-02 07:35:00,858.6274291297271,4394.198158029892,247,AtWork
2022-12-02 11:40:00,858.6274291297271,4394.198158029892,247,AtWork
2022-12-02 11:45:00,868.902110395577,4390.34074468453,247,Transport
2022-12-02 11:50:00,709.5155648477144,4482.374039900515,247,Transport
2022-12-02 11:55:00,687.9664346058763,4396.274081528693,247,AtRestaurant
2022-12-02 12:10:00,687.9664346058763,4396.274081528693,247,AtRestaurant
2022-12-02 12:15:00,698.2411158717262,4392.416668183332,247,Transport
2022-12-02 12:20:00,858.6274291297271,4394.198158029892,247,AtWork
2022-12-02 16:10:00,858.6274291297271,4394.198158029892,247,AtWork
2022-12-02 16:15:00,868.902110395577,4390.34074468453,247,Transport
2022-12-02 16:20:00,828.0037422444615,4056.043368774391,247,Transport
2022-12-02 16:25:00,623.3748718539276,3839.641921022485,247,Transport
2022-12-02 16:30:00,622.6455910247329,3420.0719595151027,247,Transport
2022-12-02 16:35:00,605.0352009405825,3204.860613802215,247,AtHome
2022-12-02 16:40:00,615.3098822064323,3201.003200456854,247,Transport
2022-12-02 16:45:00,642.1874810231475,2703.295710883523,247,Transport
2022-12-02 16:50:00,641.9345114113765,2283.921131578666,247,Transport
2022-12-02 16:55:00,597.6053877120731,1868.122039508908,247,Transport
2022-12-02 17:00:00,646.4716470621729,1451.092481224494,247,Transport
2022-12-02 17:05:00,663.7893494011146,1032.0039626535388,247,Transport
2022-12-02 17:10:00,760.1532231729477,936.4426136668365,247,AtRecreation
2022-12-02 17:15:00,770.4279044387976,932.5852003214752,247,Transport
2022-12-02 17:20:00,533.243532438734,1067.052320700562,247,Transport
2022-12-02 17:25:00,403.5653194400262,1197.9861075743092,247,AtRestaurant
2022-12-02 17:40:00,403.5653194400262,1197.9861075743092,247,AtRestaurant
2022-12-02 17:45:00,413.840000705876,1194.128694228948,247,Transport
2022-12-02 17:50:00,653.0249310096121,1045.6277551766495,247,Transport
2022-12-02 17:55:00,760.1532231729477,936.4426136668365,247,AtRecreation
2022-12-02 18:10:00,760.1532231729477,936.4426136668365,247,AtRecreation
2022-12-02 18:15:00,770.4279044387976,932.5852003214752,247,Transport
2022-12-02 18:20:00,656.4955189778115,1175.025809132529,247,Transport
2022-12-02 18:25:00,630.057443387326,1593.6485457451097,247,Transport
2022-12-02 18:30:00,600.3299130282309,2011.5630085733385,247,Transport
2022-12-02 18:35:00,649.9382662694971,2427.1840488094285,247,Transport
2022-12-02 18:40:00,640.8887516017862,2846.737816544204,247,Transport
2022-12-02 18:45:00,605.0352009405825,3204.860613802215,247,AtHome
2022-12-02 18:50:00,615.3098822064323,3201.003200456854,247,Transport
2022-12-02 18:55:00,615.7144952874648,3541.3130936302646,247,Transport
2022-12-02 19:00:00,629.1024998407094,3960.967477453335,247,Transport
2022-12-02 19:05:00,572.0526467474274,4375.908873733891,247,Transport
2022-12-02 19:10:00,400.7848268574819,4623.759729032403,247,Transport
2022-12-02 19:15:00,62.08263586794361,4726.762882276073,247,Transport
2022-12-02 19:20:00,-228.5416636098629,4876.192230261836,247,Transport
2022-12-02 19:25:00,-270.7321517972405,5030.008217524723,247,AtRecreation
2022-12-02 21:25:00,-270.7321517972405,5030.008217524723,247,AtRecreation
2022-12-02 21:30:00,-260.45747053139064,5026.150804179361,247,Transport
2022-12-02 21:35:00,-56.31352508268587,4740.277986216306,247,Transport
2022-12-02 21:40:00,361.8254056349728,4702.987428661796,247,Transport
2022-12-02 21:45:00,554.3742530220767,4476.436116406113,247,Transport
2022-12-02 21:50:00,620.3108823479811,4079.478052167119,247,Transport
2022-12-02 21:55:00,616.1141707901548,3660.481135193048,247,Transport
2022-12-02 22:00:00,641.5651457940667,3241.933436648096,247,Transport
2022-12-02 22:05:00,605.0352009405825,3204.860613802215,247,AtHome
2022-12-02 22:10:00,615.3098822064323,3201.003200456854,247,Transport
2022-12-02 22:15:00,615.7144952874648,3541.3130936302646,247,Transport
2022-12-02 22:20:00,629.1024998407094,3960.967477453335,247,Transport
2022-12-02 22:25:00,949.3838027765609,4059.952491073087,247,Transport
2022-12-02 22:30:00,1369.279658274368,4062.105179472782,247,Transport
2022-12-02 22:35:00,1753.73503444248,4106.646227685894,247,Transport
2022-12-02 22:40:00,1799.6054920920153,4343.0298393808125,247,AtRecreation
2022-12-02 22:45:00,1809.880173357865,4339.172426035451,247,Transport
2022-12-02 22:50:00,1670.3113113783324,4060.92717660498,247,Transport
2022-12-02 22:55:00,1250.9156730394975,4062.330557102797,247,Transport
2022-12-02 23:00:00,831.061879867088,4056.187961737148,247,Transport
2022-12-02 23:05:00,623.5416797108849,3842.6990447571247,247,Transport
2022-12-02 23:10:00,622.1925069281828,3423.099920081473,247,Transport
2022-12-02 23:15:00,605.0352009405825,3204.860613802215,247,AtHome
2022-12-03 07:00:00,605.0352009405825,3204.860613802215,247,AtHome
2022-12-03 07:05:00,615.3098822064323,3201.003200456854,247,Transport
2022-12-03 07:10:00,642.1874810231475,2703.295710883523,247,Transport
2022-12-03 07:15:00,641.9345114113765,2283.921131578666,247,Transport
2022-12-03 07:20:00,621.2383910372893,2005.3346159490147,247,AtRestaurant
2022-12-03 07:35:00,621.2383910372893,2005.3346159490147,247,AtRestaurant
2022-12-03 07:40:00,631.5130723031391,2001.4772026036533,247,Transport
2022-12-03 07:45:00,646.5072927151671,2376.165197219661,247,Transport
2022-12-03 07:50:00,640.2712967202582,2795.6074581791536,247,Transport
2022-12-03 07:55:00,605.0352009405825,3204.860613802215,247,AtHome
2022-12-03 08:00:00,615.3098822064323,3201.003200456854,247,Transport
2022-12-03 08:05:00,615.7144952874648,3541.3130936302646,247,Transport
2022-12-03 08:10:00,912.1358292519776,3665.7790038627113,247,Transport
2022-12-03 08:15:00,954.1633419054704,3995.460887129569,247,AtRecreation
2022-12-03 09:55:00,954.1633419054704,3995.460887129569,247,AtRecreation
2022-12-03 10:00:00,964.4380231713202,3991.603473784208,247,Transport
2022-12-03 10:05:00,827.6022596364746,3665.049294080348,247,Transport
2022-12-03 10:10:00,620.0233251212022,3456.885740287757,247,Transport
2022-12-03 10:15:00,605.0352009405825,3204.860613802215,247,AtHome
2022-12-03 10:20:00,615.3098822064323,3201.003200456854,247,Transport
2022-12-03 10:25:00,642.1874810231475,2703.295710883523,247,Transport
2022-12-03 10:30:00,641.9345114113765,2283.921131578666,247,Transport
2022-12-03 10:35:00,597.6053877120731,1868.122039508908,247,Transport
2022-12-03 10:40:00,646.4716470621729,1451.092481224494,247,Transport
2022-12-03 10:45:00,663.7893494011146,1032.0039626535388,247,Transport
2022-12-03 10:50:00,760.1532231729477,936.4426136668365,247,AtRecreation
2022-12-03 11:50:00,760.1532231729477,936.4426136668365,247,AtRecreation
2022-12-03 11:55:00,770.4279044387976,932.5852003214752,247,Transport
2022-12-03 12:00:00,656.4955189778115,1175.025809132529,247,Transport
2022-12-03 12:05:00,630.057443387326,1593.6485457451097,247,Transport
2022-12-03 12:10:00,600.3299130282309,2011.5630085733385,247,Transport
2022-12-03 12:15:00,649.9382662694971,2427.1840488094285,247,Transport
2022-12-03 12:20:00,640.8887516017862,2846.737816544204,247,Transport
2022-12-03 12:25:00,605.0352009405825,3204.860613802215,247,AtHome
2022-12-03 12:30:00,615.3098822064323,3201.003200456854,247,Transport
2022-12-03 12:35:00,642.1874810231475,2703.295710883523,247,Transport
2022-12-03 12:40:00,641.9345114113765,2283.921131578666,247,Transport
2022-12-03 12:45:00,621.2383910372893,2005.3346159490147,247,AtRestaurant
2022-12-03 13:00:00,621.2383910372893,2005.3346159490147,247,AtRestaurant
2022-12-03 13:05:00,631.5130723031391,2001.4772026036533,247,Transport
2022-12-03 13:10:00,646.5072927151671,2376.165197219661,247,Transport
2022-12-03 13:15:00,640.2712967202582,2795.6074581791536,247,Transport
2022-12-03 13:20:00,605.0352009405825,3204.860613802215,247,AtHome
2022-12-03 13:25:00,615.3098822064323,3201.003200456854,247,Transport
2022-12-03 13:30:00,642.1874810231475,2703.295710883523,247,Transport
2022-12-03 13:35:00,641.9345114113765,2283.921131578666,247,Transport
2022-12-03 13:40:00,597.6053877120731,1868.122039508908,247,Transport
2022-12-03 13:45:00,646.4716470621729,1451.092481224494,247,Transport
2022-12-03 13:50:00,663.7893494011146,1032.0039626535388,247,Transport
2022-12-03 13:55:00,760.1532231729477,936.4426136668365,247,AtRecreation
2022-12-03 15:35:00,760.1532231729477,936.4426136668365,247,AtRecreation
2022-12-03 15:40:00,770.4279044387976,932.5852003214752,247,Transport
2022-12-03 15:45:00,656.4955189778115,1175.025809132529,247,Transport
2022-12-03 15:50:00,630.057443387326,1593.6485457451097,247,Transport
2022-12-03 15:55:00,600.3299130282309,2011.5630085733385,247,Transport
2022-12-03 16:00:00,649.9382662694971,2427.1840488094285,247,Transport
2022-12-03 16:05:00,640.8887516017862,2846.737816544204,247,Transport
2022-12-03 16:10:00,605.0352009405825,3204.860613802215,247,AtHome
2022-12-03 16:15:00,615.3098822064323,3201.003200456854,247,Transport
2022-12-03 16:20:00,642.1874810231475,2703.295710883523,247,Transport
2022-12-03 16:25:00,641.9345114113765,2283.921131578666,247,Transport
2022-12-03 16:30:00,597.6053877120731,1868.122039508908,247,Transport
2022-12-03 16:35:00,646.4716470621729,1451.092481224494,247,Transport
2022-12-03 16:40:00,663.7893494011146,1032.0039626535388,247,Transport
2022-12-03 16:45:00,760.1532231729477,936.4426136668365,247,AtRecreation
2022-12-03 17:40:00,760.1532231729477,936.4426136668365,247,AtRecreation
2022-12-03 17:45:00,770.4279044387976,932.5852003214752,247,Transport
2022-12-03 17:50:00,533.243532438734,1067.052320700562,247,Transport
2022-12-03 17:55:00,403.5653194400262,1197.9861075743092,247,AtRestaurant
2022-12-03 18:10:00,403.5653194400262,1197.9861075743092,247,AtRestaurant
2022-12-03 18:15:00,413.840000705876,1194.128694228948,247,Transport
2022-12-03 18:20:00,653.0249310096121,1045.6277551766495,247,Transport
2022-12-03 18:25:00,760.1532231729477,936.4426136668365,247,AtRecreation
2022-12-03 18:40:00,760.1532231729477,936.4426136668365,247,AtRecreation
2022-12-03 18:45:00,770.4279044387976,932.5852003214752,247,Transport
2022-12-03 18:50:00,656.4955189778115,1175.025809132529,247,Transport
2022-12-03 18:55:00,630.057443387326,1593.6485457451097,247,Transport
2022-12-03 19:00:00,600.3299130282309,2011.5630085733385,247,Transport
2022-12-03 19:05:00,649.9382662694971,2427.1840488094285,247,Transport
2022-12-03 19:10:00,640.8887516017862,2846.737816544204,247,Transport
2022-12-03 19:15:00,605.0352009405825,3204.860613802215,247,AtHome
2022-12-03 19:20:00,615.3098822064323,3201.003200456854,247,Transport
2022-12-03 19:25:00,615.7144952874648,3541.3130936302646,247,Transport
2022-12-03 19:30:00,629.1024998407094,3960.967477453335,247,Transport
2022-12-03 19:35:00,572.0526467474274,4375.908873733891,247,Transport
2022-12-03 19:40:00,400.7848268574819,4623.759729032403,247,Transport
2022-12-03 19:45:00,62.08263586794361,4726.762882276073,247,Transport
2022-12-03 19:50:00,-228.5416636098629,4876.192230261836,247,Transport
2022-12-03 19:55:00,-270.7321517972405,5030.008217524723,247,AtRecreation
2022-12-03 21:45:00,-270.7321517972405,5030.008217524723,247,AtRecreation
2022-12-03 21:50:00,-260.45747053139064,5026.150804179361,247,Transport
2022-12-03 21:55:00,-56.31352508268587,4740.277986216306,247,Transport
2022-12-03 22:00:00,361.8254056349728,4702.987428661796,247,Transport
2022-12-03 22:05:00,554.3742530220767,4476.436116406113,247,Transport
2022-12-03 22:10:00,620.3108823479811,4079.478052167119,247,Transport
2022-12-03 22:15:00,616.1141707901548,3660.481135193048,247,Transport
2022-12-03 22:20:00,641.5651457940667,3241.933436648096,247,Transport
2022-12-03 22:25:00,605.0352009405825,3204.860613802215,247,AtHome
2022-12-04 21:00:00,605.0352009405825,3204.860613802215,247,AtHome
2022-12-04 21:05:00,615.3098822064323,3201.003200456854,247,Transport
2022-12-04 21:10:00,642.1874810231475,2703.295710883523,247,Transport
2022-12-04 21:15:00,641.9345114113765,2283.921131578666,247,Transport
2022-12-04 21:20:00,621.2383910372893,2005.3346159490147,247,AtRestaurant
2022-12-04 21:35:00,621.2383910372893,2005.3346159490147,247,AtRestaurant
2022-12-04 21:40:00,631.5130723031391,2001.4772026036533,247,Transport
2022-12-04 21:45:00,646.5072927151671,2376.165197219661,247,Transport
2022-12-04 21:50:00,640.2712967202582,2795.6074581791536,247,Transport
2022-12-04 21:55:00,605.0352009405825,3204.860613802215,247,AtHome
2022-12-05 07:10:00,605.0352009405825,3204.860613802215,247,AtHome
2022-12-05 07:15:00,615.3098822064323,3201.003200456854,247,Transport
2022-12-05 07:20:00,615.7144952874648,3541.3130936302646,247,Transport
2022-12-05 07:25:00,629.1024998407094,3960.967477453335,247,Transport
2022-12-05 07:30:00,926.3079687295595,4083.869339018834,247,Transport
2022-12-05 07:35:00,858.6274291297271,4394.198158029892,247,AtWork
2022-12-05 11:40:00,858.6274291297271,4394.198158029892,247,AtWork
2022-12-05 11:45:00,868.902110395577,4390.34074468453,247,Transport
2022-12-05 11:50:00,709.5155648477144,4482.374039900515,247,Transport
2022-12-05 11:55:00,687.9664346058763,4396.274081528693,247,AtRestaurant
2022-12-05 12:10:00,687.9664346058763,4396.274081528693,247,AtRestaurant
2022-12-05 12:15:00,698.2411158717262,4392.416668183332,247,Transport
2022-12-05 12:20:00,858.6274291297271,4394.198158029892,247,AtWork
2022-12-05 16:10:00,858.6274291297271,4394.198158029892,247,AtWork
2022-12-05 16:15:00,868.902110395577,4390.34074468453,247,Transport
2022-12-05 16:20:00,828.0037422444615,4056.043368774391,247,Transport
2022-12-05 16:25:00,623.3748718539276,3839.641921022485,247,Transport
2022-12-05 16:30:00,622.6455910247329,3420.0719595151027,247,Transport
2022-12-05 16:35:00,605.0352009405825,3204.860613802215,247,AtHome
2022-12-05 16:50:00,605.0352009405825,3204.860613802215,247,AtHome
2022-12-05 16:55:00,615.3098822064323,3201.003200456854,247,Transport
2022-12-05 17:00:00,642.1874810231475,2703.295710883523,247,Transport
2022-12-05 17:05:00,641.9345114113765,2283.921131578666,247,Transport
2022-12-05 17:10:00,621.2383910372893,2005.3346159490147,247,AtRestaurant
2022-12-05 17:25:00,621.2383910372893,2005.3346159490147,247,AtRestaurant
2022-12-05 17:30:00,631.5130723031391,2001.4772026036533,247,Transport
2022-12-05 17:35:00,646.5072927151671,2376.165197219661,247,Transport
2022-12-05 17:40:00,640.2712967202582,2795.6074581791536,247,Transport
2022-12-05 17:45:00,605.0352009405825,3204.860613802215,247,AtHome
2022-12-06 07:10:00,605.0352009405825,3204.860613802215,247,AtHome
2022-12-06 07:15:00,615.3098822064323,3201.003200456854,247,Transport
2022-12-06 07:20:00,615.7144952874648,3541.3130936302646,247,Transport
2022-12-06 07:25:00,629.1024998407094,3960.967477453335,247,Transport
2022-12-06 07:30:00,926.3079687295595,4083.869339018834,247,Transport
2022-12-06 07:35:00,858.6274291297271,4394.198158029892,247,AtWork
2022-12-06 11:40:00,858.6274291297271,4394.198158029892,247,AtWork
2022-12-06 11:45:00,868.902110395577,4390.34074468453,247,Transport
2022-12-06 11:50:00,709.5155648477144,4482.374039900515,247,Transport
2022-12-06 11:55:00,687.9664346058763,4396.274081528693,247,AtRestaurant
2022-12-06 12:10:00,687.9664346058763,4396.274081528693,247,AtRestaurant
2022-12-06 12:15:00,698.2411158717262,4392.416668183332,247,Transport
2022-12-06 12:20:00,858.6274291297271,4394.198158029892,247,AtWork
2022-12-06 16:10:00,858.6274291297271,4394.198158029892,247,AtWork
2022-12-06 16:15:00,868.902110395577,4390.34074468453,247,Transport
2022-12-06 16:20:00,828.0037422444615,4056.043368774391,247,Transport
2022-12-06 16:25:00,623.3748718539276,3839.641921022485,247,Transport
2022-12-06 16:30:00,622.6455910247329,3420.0719595151027,247,Transport
2022-12-06 16:35:00,605.0352009405825,3204.860613802215,247,AtHome
2022-12-06 16:50:00,605.0352009405825,3204.860613802215,247,AtHome
2022-12-06 16:55:00,615.3098822064323,3201.003200456854,247,Transport
2022-12-06 17:00:00,642.1874810231475,2703.295710883523,247,Transport
2022-12-06 17:05:00,641.9345114113765,2283.921131578666,247,Transport
2022-12-06 17:10:00,621.2383910372893,2005.3346159490147,247,AtRestaurant
2022-12-06 17:25:00,621.2383910372893,2005.3346159490147,247,AtRestaurant
2022-12-06 17:30:00,631.5130723031391,2001.4772026036533,247,Transport
2022-12-06 17:35:00,646.5072927151671,2376.165197219661,247,Transport
2022-12-06 17:40:00,640.2712967202582,2795.6074581791536,247,Transport
2022-12-06 17:45:00,605.0352009405825,3204.860613802215,247,AtHome
2022-12-07 07:10:00,605.0352009405825,3204.860613802215,247,AtHome
2022-12-07 07:15:00,615.3098822064323,3201.003200456854,247,Transport
2022-12-07 07:20:00,615.7144952874648,3541.3130936302646,247,Transport
2022-12-07 07:25:00,629.1024998407094,3960.967477453335,247,Transport
2022-12-07 07:30:00,926.3079687295595,4083.869339018834,247,Transport
2022-12-07 07:35:00,858.6274291297271,4394.198158029892,247,AtWork
2022-12-07 11:40:00,858.6274291297271,4394.198158029892,247,AtWork
2022-12-07 11:45:00,868.902110395577,4390.34074468453,247,Transport
2022-12-07 11:50:00,709.5155648477144,4482.374039900515,247,Transport
2022-12-07 11:55:00,687.9664346058763,4396.274081528693,247,AtRestaurant
2022-12-07 12:10:00,687.9664346058763,4396.274081528693,247,AtRestaurant
2022-12-07 12:15:00,698.2411158717262,4392.416668183332,247,Transport
2022-12-07 12:20:00,858.6274291297271,4394.198158029892,247,AtWork
2022-12-07 16:10:00,858.6274291297271,4394.198158029892,247,AtWork
2022-12-07 16:15:00,868.902110395577,4390.34074468453,247,Transport
2022-12-07 16:20:00,828.0037422444615,4056.043368774391,247,Transport
2022-12-07 16:25:00,623.3748718539276,3839.641921022485,247,Transport
2022-12-07 16:30:00,622.6455910247329,3420.0719595151027,247,Transport
2022-12-07 16:35:00,605.0352009405825,3204.860613802215,247,AtHome
2022-12-07 21:30:00,605.0352009405825,3204.860613802215,247,AtHome
2022-12-07 21:35:00,615.3098822064323,3201.003200456854,247,Transport
2022-12-07 21:40:00,642.1874810231475,2703.295710883523,247,Transport
2022-12-07 21:45:00,641.9345114113765,2283.921131578666,247,Transport
2022-12-07 21:50:00,621.2383910372893,2005.3346159490147,247,AtRestaurant
2022-12-07 22:05:00,621.2383910372893,2005.3346159490147,247,AtRestaurant
2022-12-07 22:10:00,631.5130723031391,2001.4772026036533,247,Transport
2022-12-07 22:15:00,646.5072927151671,2376.165197219661,247,Transport
2022-12-07 22:20:00,640.2712967202582,2795.6074581791536,247,Transport
2022-12-07 22:25:00,605.0352009405825,3204.860613802215,247,AtHome
2023-01-01 07:00:00,605.0352009405825,3204.860613802215,247,AtHome
2023-01-01 07:05:00,615.3098822064323,3201.003200456854,247,Transport
2023-01-01 07:10:00,642.1874810231475,2703.295710883523,247,Transport
2023-01-01 07:15:00,641.9345114113765,2283.921131578666,247,Transport
2023-01-01 07:20:00,621.2383910372893,2005.3346159490147,247,AtRestaurant
2023-01-01 07:35:00,621.2383910372893,2005.3346159490147,247,AtRestaurant
2023-01-01 07:40:00,631.5130723031391,2001.4772026036533,247,Transport
2023-01-01 07:45:00,646.5072927151671,2376.165197219661,247,Transport
2023-01-01 07:50:00,640.2712967202582,2795.6074581791536,247,Transport
2023-01-01 07:55:00,605.0352009405825,3204.860613802215,247,AtHome
2023-01-01 08:00:00,615.3098822064323,3201.003200456854,247,Transport
2023-01-01 08:05:00,642.1874810231475,2703.295710883523,247,Transport
2023-01-01 08:10:00,641.9345114113765,2283.921131578666,247,Transport
2023-01-01 08:15:00,597.6053877120731,1868.122039508908,247,Transport
2023-01-01 08:20:00,646.4716470621729,1451.092481224494,247,Transport
2023-01-01 08:25:00,663.7893494011146,1032.0039626535388,247,Transport
2023-01-01 08:30:00,760.1532231729477,936.4426136668365,247,AtRecreation
2023-01-01 09:40:00,760.1532231729477,936.4426136668365,247,AtRecreation
2023-01-01 09:45:00,770.4279044387976,932.5852003214752,247,Transport
2023-01-01 09:50:00,656.4955189778115,1175.025809132529,247,Transport
2023-01-01 09:55:00,630.057443387326,1593.6485457451097,247,Transport
2023-01-01 10:00:00,600.3299130282309,2011.5630085733385,247,Transport
2023-01-01 10:05:00,649.9382662694971,2427.1840488094285,247,Transport
2023-01-01 10:10:00,640.8887516017862,2846.737816544204,247,Transport
2023-01-01 10:15:00,605.0352009405825,3204.860613802215,247,AtHome
2023-01-01 10:20:00,615.3098822064323,3201.003200456854,247,Transport
2023-01-01 10:25:00,615.7144952874648,3541.3130936302646,247,Transport
2023-01-01 10:30:00,629.1024998407094,3960.967477453335,247,Transport
2023-01-01 10:35:00,949.3838027765609,4059.952491073087,247,Transport
2023-01-01 10:40:00,1369.279658274368,4062.105179472782,247,Transport
2023-01-01 10:45:00,1753.73503444248,4106.646227685894,247,Transport
2023-01-01 10:50:00,1799.6054920920153,4343.0298393808125,247,AtRecreation
2023-01-01 12:55:00,1799.6054920920153,4343.0298393808125,247,AtRecreation
2023-01-01 13:00:00,1809.880173357865,4339.172426035451,247,Transport
2023-01-01 13:05:00,1670.3113113783324,4060.92717660498,247,Transport
2023-01-01 13:10:00,1250.9156730394975,4062.330557102797,247,Transport
2023-01-01 13:15:00,831.061879867088,4056.187961737148,247,Transport
2023-01-01 13:20:00,623.5416797108849,3842.6990447571247,247,Transport
2023-01-01 13:25:00,622.1925069281828,3423.099920081473,247,Transport
2023-01-01 13:30:00,605.0352009405825,3204.860613802215,247,AtHome
2023-01-01 13:35:00,615.3098822064323,3201.003200456854,247,Transport
2023-01-01 13:40:00,642.1874810231475,2703.295710883523,247,Transport
2023-01-01 13:45:00,641.9345114113765,2283.921131578666,247,Transport
2023-01-01 13:50:00,597.6053877120731,1868.122039508908,247,Transport
2023-01-01 13:55:00,646.4716470621729,1451.092481224494,247,Transport
2023-01-01 14:00:00,663.7893494011146,1032.0039626535388,247,Transport
2023-01-01 14:05:00,760.1532231729477,936.4426136668365,247,AtRecreation
2023-01-01 15:40:00,760.1532231729477,936.4426136668365,247,AtRecreation
2023-01-01 15:45:00,770.4279044387976,932.5852003214752,247,Transport
2023-01-01 15:50:00,656.4955189778115,1175.025809132529,247,Transport
2023-01-01 15:55:00,630.057443387326,1593.6485457451097,247,Transport
2023-01-01 16:00:00,600.3299130282309,2011.5630085733385,247,Transport
2023-01-01 16:05:00,649.9382662694971,2427.1840488094285,247,Transport
2023-01-01 16:10:00,640.8887516017862,2846.737816544204,247,Transport
2023-01-01 16:15:00,605.0352009405825,3204.860613802215,247,AtHome
2023-01-01 16:20:00,615.3098822064323,3201.003200456854,247,Transport
2023-01-01 16:25:00,615.7144952874648,3541.3130936302646,247,Transport
2023-01-01 16:30:00,629.1024998407094,3960.967477453335,247,Transport
2023-01-01 16:35:00,572.0526467474274,4375.908873733891,247,Transport
2023-01-01 16:40:00,253.9183012035699,4473.425158681876,247,Transport
2023-01-01 16:45:00,190.3099082388192,4100.386250173873,247,Transport
2023-01-01 16:50:00,-227.924773664714,4123.905522141427,247,Transport
2023-01-01 16:55:00,-48.73849432142425,3890.999541848754,247,Transport
2023-01-01 17:00:00,-236.19566791087192,3881.911110971474,247,AtRecreation
2023-01-01 17:05:00,-225.9209866450221,3878.053697626113,247,Transport
2023-01-01 17:10:00,-468.34053784704383,4186.408745290582,247,Transport
2023-01-01 17:15:00,-659.2426147121397,4441.316721383514,247,Transport
2023-01-01 17:20:00,-831.2037092138099,4501.100721875498,247,AtRestaurant
2023-01-01 17:35:00,-831.2037092138099,4501.100721875498,247,AtRestaurant
2023-01-01 17:40:00,-820.9290279479601,4497.243308530136,247,Transport
2023-01-01 17:45:00,-485.3628417410773,4408.495089625616,247,Transport
2023-01-01 17:50:00,-452.16093775275687,3989.992577384488,247,Transport
2023-01-01 17:55:00,-236.19566791087192,3881.911110971474,247,AtRecreation
2023-01-01 18:10:00,-236.19566791087192,3881.911110971474,247,AtRecreation
2023-01-01 18:15:00,-225.9209866450221,3878.053697626113,247,Transport
2023-01-01 18:20:00,-49.330318444446,3986.322344996892,247,Transport
2023-01-01 18:25:00,-133.37526873220492,4111.11260730294,247,Transport
2023-01-01 18:30:00,188.61397305386183,4195.410110193234,247,Transport
2023-01-01 18:35:00,349.0352898431787,4478.16622847438,247,Transport
2023-01-01 18:40:00,580.3965404548777,4280.867776814112,247,Transport
2023-01-01 18:45:00,624.7941609893063,3865.653540506299,247,Transport
2023-01-01 18:50:00,620.679512600292,3446.033492504884,247,Transport
2023-01-01 18:55:00,605.0352009405825,3204.860613802215,247,AtHome
2023-01-01 19:00:00,615.3098822064323,3201.003200456854,247,Transport
2023-01-01 19:05:00,615.7144952874648,3541.3130936302646,247,Transport
2023-01-01 19:10:00,629.1024998407094,3960.967477453335,247,Transport
2023-01-01 19:15:00,949.3838027765609,4059.952491073087,247,Transport
2023-01-01 19:20:00,1369.279658274368,4062.105179472782,247,Transport
2023-01-01 19:25:00,1753.73503444248,4106.646227685894,247,Transport
2023-01-01 19:30:00,1799.6054920920153,4343.0298393808125,247,AtRecreation
2023-01-01 21:15:00,1799.6054920920153,4343.0298393808125,247,AtRecreation
2023-01-01 21:20:00,1809.880173357865,4339.172426035451,247,Transport
2023-01-01 21:25:00,1670.3113113783324,4060.92717660498,247,Transport
2023-01-01 21:30:00,1250.9156730394975,4062.330557102797,247,Transport
2023-01-01 21:35:00,831.061879867088,4056.187961737148,247,Transport
2023-01-01 21:40:00,623.5416797108849,3842.6990447571247,247,Transport
2023-01-01 21:45:00,622.1925069281828,3423.099920081473,247,Transport
2023-01-01 21:50:00,605.0352009405825,3204.860613802215,247,AtHome
2023-01-01 21:55:00,615.3098822064323,3201.003200456854,247,Transport
2023-01-01 22:00:00,642.1874810231475,2703.295710883523,247,Transport
2023-01-01 22:05:00,641.9345114113765,2283.921131578666,247,Transport
2023-01-01 22:10:00,597.6053877120731,1868.122039508908,247,Transport
2023-01-01 22:15:00,646.4716470621729,1451.092481224494,247,Transport
2023-01-01 22:20:00,663.7893494011146,1032.0039626535388,247,Transport
2023-01-01 22:25:00,760.1532231729477,936.4426136668365,247,AtRecreation
2023-01-01 22:30:00,770.4279044387976,932.5852003214752,247,Transport
2023-01-01 22:35:00,656.4955189778115,1175.025809132529,247,Transport
2023-01-01 22:40:00,630.057443387326,1593.6485457451097,247,Transport
2023-01-01 22:45:00,600.3299130282309,2011.5630085733385,247,Transport
2023-01-01 22:50:00,649.9382662694971,2427.1840488094285,247,Transport
2023-01-01 22:55:00,640.8887516017862,2846.737816544204,247,Transport
2023-01-01 23:00:00,605.0352009405825,3204.860613802215,247,AtHome
2023-01-02 07:10:00,605.0352009405825,3204.860613802215,247,AtHome
2023-01-02 07:15:00,615.3098822064323,3201.003200456854,247,Transport
2023-01-02 07:20:00,615.7144952874648,3541.3130936302646,247,Transport
2023-01-02 07:25:00,629.1024998407094,3960.967477453335,247,Transport
2023-01-02 07:30:00,926.3079687295595,4083.869339018834,247,Transport
2023-01-02 07:35:00,858.6274291297271,4394.198158029892,247,AtWork
2023-01-02 11:40:00,858.6274291297271,4394.198158029892,247,AtWork
2023-01-02 11:45:00,868.902110395577,4390.34074468453,247,Transport
2023-01-02 11:50:00,709.5155648477144,4482.374039900515,247,Transport
2023-01-02 11:55:00,687.9664346058763,4396.274081528693,247,AtRestaurant
2023-01-02 12:10:00,687.9664346058763,4396.274081528693,247,AtRestaurant
2023-01-02 12:15:00,698.2411158717262,4392.416668183332,247,Transport
2023-01-02 12:20:00,858.6274291297271,4394.198158029892,247,AtWork
2023-01-02 16:10:00,858.6274291297271,4394.198158029892,247,AtWork
2023-01-02 16:15:00,868.902110395577,4390.34074468453,247,Transport
2023-01-02 16:20:00,828.0037422444615,4056.043368774391,247,Transport
2023-01-02 16:25:00,623.3748718539276,3839.641921022485,247,Transport
2023-01-02 16:30:00,622.6455910247329,3420.0719595151027,247,Transport
2023-01-02 16:35:00,605.0352009405825,3204.860613802215,247,AtHome
2023-01-02 16:50:00,605.0352009405825,3204.860613802215,247,AtHome
2023-01-02 16:55:00,615.3098822064323,3201.003200456854,247,Transport
2023-01-02 17:00:00,642.1874810231475,2703.295710883523,247,Transport
2023-01-02 17:05:00,641.9345114113765,2283.921131578666,247,Transport
2023-01-02 17:10:00,621.2383910372893,2005.3346159490147,247,AtRestaurant
2023-01-02 17:25:00,621.2383910372893,2005.3346159490147,247,AtRestaurant
2023-01-02 17:30:00,631.5130723031391,2001.4772026036533,247,Transport
2023-01-02 17:35:00,646.5072927151671,2376.165197219661,247,Transport
2023-01-02 17:40:00,640.2712967202582,2795.6074581791536,247,Transport
2023-01-02 17:45:00,605.0352009405825,3204.860613802215,247,AtHome
2023-01-03 07:10:00,605.0352009405825,3204.860613802215,247,AtHome
2023-01-03 07:15:00,615.3098822064323,3201.003200456854,247,Transport
2023-01-03 07:20:00,615.7144952874648,3541.3130936302646,247,Transport
2023-01-03 07:25:00,629.1024998407094,3960.967477453335,247,Transport
2023-01-03 07:30:00,926.3079687295595,4083.869339018834,247,Transport
2023-01-03 07:35:00,858.6274291297271,4394.198158029892,247,AtWork
2023-01-03 11:40:00,858.6274291297271,4394.198158029892,247,AtWork
2023-01-03 11:45:00,868.902110395577,4390.34074468453,247,Transport
2023-01-03 11:50:00,709.5155648477144,4482.374039900515,247,Transport
2023-01-03 11:55:00,687.9664346058763,4396.274081528693,247,AtRestaurant
2023-01-03 12:10:00,687.9664346058763,4396.274081528693,247,AtRestaurant
2023-01-03 12:15:00,698.2411158717262,4392.416668183332,247,Transport
2023-01-03 12:20:00,858.6274291297271,4394.198158029892,247,AtWork
2023-01-03 16:10:00,858.6274291297271,4394.198158029892,247,AtWork
2023-01-03 16:15:00,868.902110395577,4390.34074468453,247,Transport
2023-01-03 16:20:00,828.0037422444615,4056.043368774391,247,Transport
2023-01-03 16:25:00,623.3748718539276,3839.641921022485,247,Transport
2023-01-03 16:30:00,622.6455910247329,3420.0719595151027,247,Transport
2023-01-03 16:35:00,605.0352009405825,3204.860613802215,247,AtHome
2023-01-04 07:10:00,605.0352009405825,3204.860613802215,247,AtHome
2023-01-04 07:15:00,615.3098822064323,3201.003200456854,247,Transport
2023-01-04 07:20:00,615.7144952874648,3541.3130936302646,247,Transport
2023-01-04 07:25:00,629.1024998407094,3960.967477453335,247,Transport
2023-01-04 07:30:00,926.3079687295595,4083.869339018834,247,Transport
2023-01-04 07:35:00,858.6274291297271,4394.198158029892,247,AtWork
2023-01-04 11:40:00,858.6274291297271,4394.198158029892,247,AtWork
2023-01-04 11:45:00,868.902110395577,4390.34074468453,247,Transport
2023-01-04 11:50:00,709.5155648477144,4482.374039900515,247,Transport
2023-01-04 11:55:00,687.9664346058763,4396.274081528693,247,AtRestaurant
2023-01-04 12:10:00,687.9664346058763,4396.274081528693,247,AtRestaurant
2023-01-04 12:15:00,698.2411158717262,4392.416668183332,247,Transport
2023-01-04 12:20:00,858.6274291297271,4394.198158029892,247,AtWork
2023-01-04 16:10:00,858.6274291297271,4394.198158029892,247,AtWork
2023-01-04 16:15:00,868.902110395577,4390.34074468453,247,Transport
2023-01-04 16:20:00,828.0037422444615,4056.043368774391,247,Transport
2023-01-04 16:25:00,623.3748718539276,3839.641921022485,247,Transport
2023-01-04 16:30:00,622.6455910247329,3420.0719595151027,247,Transport
2023-01-04 16:35:00,605.0352009405825,3204.860613802215,247,AtHome
2023-01-04 16:40:00,615.3098822064323,3201.003200456854,247,Transport
2023-01-04 16:45:00,615.7144952874648,3541.3130936302646,247,Transport
2023-01-04 16:50:00,912.1358292519776,3665.7790038627113,247,Transport
2023-01-04 16:55:00,954.1633419054704,3995.460887129569,247,AtRecreation
2023-01-04 18:15:00,954.1633419054704,3995.460887129569,247,AtRecreation
2023-01-04 18:20:00,964.4380231713202,3991.603473784208,247,Transport
2023-01-04 18:25:00,827.6022596364746,3665.049294080348,247,Transport
2023-01-04 18:30:00,620.0233251212022,3456.885740287757,247,Transport
2023-01-04 18:35:00,605.0352009405825,3204.860613802215,247,AtHome
2023-01-04 18:40:00,615.3098822064323,3201.003200456854,247,Transport
2023-01-04 18:45:00,615.7144952874648,3541.3130936302646,247,Transport
2023-01-04 18:50:00,912.1358292519776,3665.7790038627113,247,Transport
2023-01-04 18:55:00,954.1633419054704,3995.460887129569,247,AtRecreation
2023-01-04 20:30:00,954.1633419054704,3995.460887129569,247,AtRecreation
2023-01-04 20:35:00,964.4380231713202,3991.603473784208,247,Transport
2023-01-04 20:40:00,827.6022596364746,3665.049294080348,247,Transport
2023-01-04 20:45:00,620.0233251212022,3456.885740287757,247,Transport
2023-01-04 20:50:00,605.0352009405825,3204.860613802215,247,AtHome
2023-01-04 20:55:00,615.3098822064323,3201.003200456854,247,Transport
2023-01-04 21:00:00,642.1874810231475,2703.295710883523,247,Transport
2023-01-04 21:05:00,641.9345114113765,2283.921131578666,247,Transport
2023-01-04 21:10:00,597.6053877120731,1868.122039508908,247,Transport
2023-01-04 21:15:00,646.4716470621729,1451.092481224494,247,Transport
2023-01-04 21:20:00,663.7893494011146,1032.0039626535388,247,Transport
2023-01-04 21:25:00,760.1532231729477,936.4426136668365,247,AtRecreation
2023-01-04 22:25:00,760.1532231729477,936.4426136668365,247,AtRecreation
2023-01-04 22:30:00,770.4279044387976,932.5852003214752,247,Transport
2023-01-04 22:35:00,656.4955189778115,1175.025809132529,247,Transport
2023-01-04 22:40:00,630.057443387326,1593.6485457451097,247,Transport
2023-01-04 22:45:00,600.3299130282309,2011.5630085733385,247,Transport
2023-01-04 22:50:00,649.9382662694971,2427.1840488094285,247,Transport
2023-01-04 22:55:00,640.8887516017862,2846.737816544204,247,Transport
2023-01-04 23:00:00,605.0352009405825,3204.860613802215,247,AtHome
2023-01-05 07:10:00,605.0352009405825,3204.860613802215,247,AtHome
2023-01-05 07:15:00,615.3098822064323,3201.003200456854,247,Transport
2023-01-05 07:20:00,615.7144952874648,3541.3130936302646,247,Transport
2023-01-05 07:25:00,629.1024998407094,3960.967477453335,247,Transport
2023-01-05 07:30:00,926.3079687295595,4083.869339018834,247,Transport
2023-01-05 07:35:00,858.6274291297271,4394.198158029892,247,AtWork
2023-01-05 11:40:00,858.6274291297271,4394.198158029892,247,AtWork
2023-01-05 11:45:00,868.902110395577,4390.34074468453,247,Transport
2023-01-05 11:50:00,709.5155648477144,4482.374039900515,247,Transport
2023-01-05 11:55:00,687.9664346058763,4396.274081528693,247,AtRestaurant
2023-01-05 12:10:00,687.9664346058763,4396.274081528693,247,AtRestaurant
2023-01-05 12:15:00,698.2411158717262,4392.416668183332,247,Transport
2023-01-05 12:20:00,858.6274291297271,4394.198158029892,247,AtWork
2023-01-05 16:10:00,858.6274291297271,4394.198158029892,247,AtWork
2023-01-05 16:15:00,868.902110395577,4390.34074468453,247,Transport
2023-01-05 16:20:00,828.0037422444615,4056.043368774391,247,Transport
2023-01-05 16:25:00,623.3748718539276,3839.641921022485,247,Transport
2023-01-05 16:30:00,622.6455910247329,3420.0719595151027,247,Transport
2023-01-05 16:35:00,605.0352009405825,3204.860613802215,247,AtHome
2023-01-05 16:40:00,615.3098822064323,3201.003200456854,247,Transport
2023-01-05 16:45:00,615.7144952874648,3541.3130936302646,247,Transport
2023-01-05 16:50:00,912.1358292519776,3665.7790038627113,247,Transport
2023-01-05 16:55:00,954.1633419054704,3995.460887129569,247,AtRecreation
2023-01-05 18:40:00,954.1633419054704,3995.460887129569,247,AtRecreation
2023-01-05 18:45:00,964.4380231713202,3991.603473784208,247,Transport
2023-01-05 18:50:00,827.6022596364746,3665.049294080348,247,Transport
2023-01-05 18:55:00,620.0233251212022,3456.885740287757,247,Transport
2023-01-05 19:00:00,605.0352009405825,3204.860613802215,247,AtHome
2023-01-05 19:05:00,615.3098822064323,3201.003200456854,247,Transport
2023-01-05 19:10:00,615.7144952874648,3541.3130936302646,247,Transport
2023-01-05 19:15:00,629.1024998407094,3960.967477453335,247,Transport
2023-01-05 19:20:00,572.0526467474274,4375.908873733891,247,Transport
2023-01-05 19:25:00,400.7848268574819,4623.759729032403,247,Transport
2023-01-05 19:30:00,62.08263586794361,4726.762882276073,247,Transport
2023-01-05 19:35:00,-228.5416636098629,4876.192230261836,247,Transport
2023-01-05 19:40:00,-270.7321517972405,5030.008217524723,247,AtRecreation
2023-01-05 22:25:00,-270.7321517972405,5030.008217524723,247,AtRecreation
2023-01-05 22:30:00,-260.45747053139064,5026.150804179361,247,Transport
2023-01-05 22:35:00,-56.31352508268587,4740.277986216306,247,Transport
2023-01-05 22:40:00,361.8254056349728,4702.987428661796,247,Transport
2023-01-05 22:45:00,554.3742530220767,4476.436116406113,247,Transport
2023-01-05 22:50:00,620.3108823479811,4079.478052167119,247,Transport
2023-01-05 22:55:00,616.1141707901548,3660.481135193048,247,Transport
2023-01-05 23:00:00,641.5651457940667,3241.933436648096,247,Transport
2023-01-05 23:05:00,605.0352009405825,3204.860613802215,247,AtHome
2023-01-06 07:10:00,605.0352009405825,3204.860613802215,247,AtHome
2023-01-06 07:15:00,615.3098822064323,3201.003200456854,247,Transport
2023-01-06 07:20:00,615.7144952874648,3541.3130936302646,247,Transport
2023-01-06 07:25:00,629.1024998407094,3960.967477453335,247,Transport
2023-01-06 07:30:00,926.3079687295595,4083.869339018834,247,Transport
2023-01-06 07:35:00,858.6274291297271,4394.198158029892,247,AtWork
2023-01-06 11:40:00,858.6274291297271,4394.198158029892,247,AtWork
2023-01-06 11:45:00,868.902110395577,4390.34074468453,247,Transport
2023-01-06 11:50:00,709.5155648477144,4482.374039900515,247,Transport
2023-01-06 11:55:00,687.9664346058763,4396.274081528693,247,AtRestaurant
2023-01-06 12:10:00,687.9664346058763,4396.274081528693,247,AtRestaurant
2023-01-06 12:15:00,698.2411158717262,4392.416668183332,247,Transport
2023-01-06 12:20:00,858.6274291297271,4394.198158029892,247,AtWork
2023-01-06 16:10:00,858.6274291297271,4394.198158029892,247,AtWork
2023-01-06 16:15:00,868.902110395577,4390.34074468453,247,Transport
2023-01-06 16:20:00,828.0037422444615,4056.043368774391,247,Transport
2023-01-06 16:25:00,623.3748718539276,3839.641921022485,247,Transport
2023-01-06 16:30:00,622.6455910247329,3420.0719595151027,247,Transport
2023-01-06 16:35:00,605.0352009405825,3204.860613802215,247,AtHome
2023-01-06 16:50:00,605.0352009405825,3204.860613802215,247,AtHome
2023-01-06 16:55:00,615.3098822064323,3201.003200456854,247,Transport
2023-01-06 17:00:00,642.1874810231475,2703.295710883523,247,Transport
2023-01-06 17:05:00,641.9345114113765,2283.921131578666,247,Transport
2023-01-06 17:10:00,621.2383910372893,2005.3346159490147,247,AtRestaurant
2023-01-06 17:25:00,621.2383910372893,2005.3346159490147,247,AtRestaurant
2023-01-06 17:30:00,631.5130723031391,2001.4772026036533,247,Transport
2023-01-06 17:35:00,646.5072927151671,2376.165197219661,247,Transport
2023-01-06 17:40:00,640.2712967202582,2795.6074581791536,247,Transport
2023-01-06 17:45:00,605.0352009405825,3204.860613802215,247,AtHome
2023-01-06 22:05:00,605.0352009405825,3204.860613802215,247,AtHome
2023-01-06 22:10:00,615.3098822064323,3201.003200456854,247,Transport
2023-01-06 22:15:00,642.1874810231475,2703.295710883523,247,Transport
2023-01-06 22:20:00,641.9345114113765,2283.921131578666,247,Transport
2023-01-06 22:25:00,621.2383910372893,2005.3346159490147,247,AtRestaurant
2023-01-06 22:30:00,631.5130723031391,2001.4772026036533,247,Transport
2023-01-06 22:35:00,646.5072927151671,2376.165197219661,247,Transport
2023-01-06 22:40:00,640.2712967202582,2795.6074581791536,247,Transport
2023-01-06 22:45:00,605.0352009405825,3204.860613802215,247,AtHome
2023-01-07 11:40:00,605.0352009405825,3204.860613802215,247,AtHome
2023-01-07 11:45:00,615.3098822064323,3201.003200456854,247,Transport
2023-01-07 11:50:00,642.1874810231475,2703.295710883523,247,Transport
2023-01-07 11:55:00,641.9345114113765,2283.921131578666,247,Transport
2023-01-07 12:00:00,621.2383910372893,2005.3346159490147,247,AtRestaurant
2023-01-07 12:15:00,621.2383910372893,2005.3346159490147,247,AtRestaurant
2023-01-07 12:20:00,631.5130723031391,2001.4772026036533,247,Transport
2023-01-07 12:25:00,646.5072927151671,2376.165197219661,247,Transport
2023-01-07 12:30:00,640.2712967202582,2795.6074581791536,247,Transport
2023-01-07 12:35:00,605.0352009405825,3204.860613802215,247,AtHome
2023-01-07 21:35:00,605.0352009405825,3204.860613802215,247,AtHome
2023-01-07 21:40:00,615.3098822064323,3201.003200456854,247,Transport
2023-01-07 21:45:00,642.1874810231475,2703.295710883523,247,Transport
2023-01-07 21:50:00,641.9345114113765,2283.921131578666,247,Transport
2023-01-07 21:55:00,621.2383910372893,2005.3346159490147,247,AtRestaurant
2023-01-07 22:10:00,621.2383910372893,2005.3346159490147,247,AtRestaurant
2023-01-07 22:15:00,631.5130723031391,2001.4772026036533,247,Transport
2023-01-07 22:20:00,646.5072927151671,2376.165197219661,247,Transport
2023-01-07 22:25:00,640.2712967202582,2795.6074581791536,247,Transport
2023-01-07 22:30:00,605.0352009405825,3204.860613802215,247,AtHome
2023-02-01 07:10:00,605.0352009405825,3204.860613802215,247,AtHome
2023-02-01 07:15:00,615.3098822064323,3201.003200456854,247,Transport
2023-02-01 07:20:00,615.7144952874648,3541.3130936302646,247,Transport
2023-02-01 07:25:00,629.1024998407094,3960.967477453335,247,Transport
2023-02-01 07:30:00,926.3079687295595,4083.869339018834,247,Transport
2023-02-01 07:35:00,858.6274291297271,4394.198158029892,247,AtWork
2023-02-01 11:40:00,858.6274291297271,4394.198158029892,247,AtWork
2023-02-01 11:45:00,868.902110395577,4390.34074468453,247,Transport
2023-02-01 11:50:00,709.5155648477144,4482.374039900515,247,Transport
2023-02-01 11:55:00,687.9664346058763,4396.274081528693,247,AtRestaurant
2023-02-01 12:10:00,687.9664346058763,4396.274081528693,247,AtRestaurant
2023-02-01 12:15:00,698.2411158717262,4392.416668183332,247,Transport
2023-02-01 12:20:00,858.6274291297271,4394.198158029892,247,AtWork
2023-02-01 16:10:00,858.6274291297271,4394.198158029892,247,AtWork
2023-02-01 16:15:00,868.902110395577,4390.34074468453,247,Transport
2023-02-01 16:20:00,828.0037422444615,4056.043368774391,247,Transport
2023-02-01 16:25:00,623.3748718539276,3839.641921022485,247,Transport
2023-02-01 16:30:00,622.6455910247329,3420.0719595151027,247,Transport
2023-02-01 16:35:00,605.0352009405825,3204.860613802215,247,AtHome
2023-02-01 16:50:00,605.0352009405825,3204.860613802215,247,AtHome
2023-02-01 16:55:00,615.3098822064323,3201.003200456854,247,Transport
2023-02-01 17:00:00,642.1874810231475,2703.295710883523,247,Transport
2023-02-01 17:05:00,641.9345114113765,2283.921131578666,247,Transport
2023-02-01 17:10:00,621.2383910372893,2005.3346159490147,247,AtRestaurant
2023-02-01 17:25:00,621.2383910372893,2005.3346159490147,247,AtRestaurant
2023-02-01 17:30:00,631.5130723031391,2001.4772026036533,247,Transport
2023-02-01 17:35:00,646.5072927151671,2376.165197219661,247,Transport
2023-02-01 17:40:00,640.2712967202582,2795.6074581791536,247,Transport
2023-02-01 17:45:00,605.0352009405825,3204.860613802215,247,AtHome
2023-02-02 07:10:00,605.0352009405825,3204.860613802215,247,AtHome
2023-02-02 07:15:00,615.3098822064323,3201.003200456854,247,Transport
2023-02-02 07:20:00,615.7144952874648,3541.3130936302646,247,Transport
2023-02-02 07:25:00,629.1024998407094,3960.967477453335,247,Transport
2023-02-02 07:30:00,926.3079687295595,4083.869339018834,247,Transport
2023-02-02 07:35:00,858.6274291297271,4394.198158029892,247,AtWork
2023-02-02 11:40:00,858.6274291297271,4394.198158029892,247,AtWork
2023-02-02 11:45:00,868.902110395577,4390.34074468453,247,Transport
2023-02-02 11:50:00,709.5155648477144,4482.374039900515,247,Transport
2023-02-02 11:55:00,687.9664346058763,4396.274081528693,247,AtRestaurant
2023-02-02 12:10:00,687.9664346058763,4396.274081528693,247,AtRestaurant
2023-02-02 12:15:00,698.2411158717262,4392.416668183332,247,Transport
2023-02-02 12:20:00,858.6274291297271,4394.198158029892,247,AtWork
2023-02-02 16:10:00,858.6274291297271,4394.198158029892,247,AtWork
2023-02-02 16:15:00,868.902110395577,4390.34074468453,247,Transport
2023-02-02 16:20:00,828.0037422444615,4056.043368774391,247,Transport
2023-02-02 16:25:00,623.3748718539276,3839.641921022485,247,Transport
2023-02-02 16:30:00,622.6455910247329,3420.0719595151027,247,Transport
2023-02-02 16:35:00,605.0352009405825,3204.860613802215,247,AtHome
2023-02-02 16:40:00,615.3098822064323,3201.003200456854,247,Transport
2023-02-02 16:45:00,642.1874810231475,2703.295710883523,247,Transport
2023-02-02 16:50:00,641.9345114113765,2283.921131578666,247,Transport
2023-02-02 16:55:00,597.6053877120731,1868.122039508908,247,Transport
2023-02-02 17:00:00,646.4716470621729,1451.092481224494,247,Transport
2023-02-02 17:05:00,663.7893494011146,1032.0039626535388,247,Transport
2023-02-02 17:10:00,760.1532231729477,936.4426136668365,247,AtRecreation
2023-02-02 17:15:00,770.4279044387976,932.5852003214752,247,Transport
2023-02-02 17:20:00,533.243532438734,1067.052320700562,247,Transport
2023-02-02 17:25:00,403.5653194400262,1197.9861075743092,247,AtRestaurant
2023-02-02 17:40:00,403.5653194400262,1197.9861075743092,247,AtRestaurant
2023-02-02 17:45:00,413.840000705876,1194.128694228948,247,Transport
2023-02-02 17:50:00,653.0249310096121,1045.6277551766495,247,Transport
2023-02-02 17:55:00,760.1532231729477,936.4426136668365,247,AtRecreation
2023-02-02 18:10:00,760.1532231729477,936.4426136668365,247,AtRecreation
2023-02-02 18:15:00,770.4279044387976,932.5852003214752,247,Transport
2023-02-02 18:20:00,656.4955189778115,1175.025809132529,247,Transport
2023-02-02 18:25:00,630.057443387326,1593.6485457451097,247,Transport
2023-02-02 18:30:00,600.3299130282309,2011.5630085733385,247,Transport
2023-02-02 18:35:00,649.9382662694971,2427.1840488094285,247,Transport
2023-02-02 18:40:00,640.8887516017862,2846.737816544204,247,Transport
2023-02-02 18:45:00,605.0352009405825,3204.860613802215,247,AtHome
2023-02-02 18:50:00,615.3098822064323,3201.003200456854,247,Transport
2023-02-02 18:55:00,642.1874810231475,2703.295710883523,247,Transport
2023-02-02 19:00:00,641.9345114113765,2283.921131578666,247,Transport
2023-02-02 19:05:00,597.6053877120731,1868.122039508908,247,Transport
2023-02-02 19:10:00,646.4716470621729,1451.092481224494,247,Transport
2023-02-02 19:15:00,663.7893494011146,1032.0039626535388,247,Transport
2023-02-02 19:20:00,760.1532231729477,936.4426136668365,247,AtRecreation
2023-02-02 20:20:00,760.1532231729477,936.4426136668365,247,AtRecreation
2023-02-02 20:25:00,770.4279044387976,932.5852003214752,247,Transport
2023-02-02 20:30:00,656.4955189778115,1175.025809132529,247,Transport
2023-02-02 20:35:00,630.057443387326,1593.6485457451097,247,Transport
2023-02-02 20:40:00,600.3299130282309,2011.5630085733385,247,Transport
2023-02-02 20:45:00,649.9382662694971,2427.1840488094285,247,Transport
2023-02-02 20:50:00,640.8887516017862,2846.737816544204,247,Transport
2023-02-02 20:55:00,605.0352009405825,3204.860613802215,247,AtHome
2023-02-02 21:00:00,615.3098822064323,3201.003200456854,247,Transport
2023-02-02 21:05:00,615.7144952874648,3541.3130936302646,247,Transport
2023-02-02 21:10:00,629.1024998407094,3960.967477453335,247,Transport
2023-02-02 21:15:00,949.3838027765609,4059.952491073087,247,Transport
2023-02-02 21:20:00,1369.279658274368,4062.105179472782,247,Transport
2023-02-02 21:25:00,1753.73503444248,4106.646227685894,247,Transport
2023-02-02 21:30:00,1799.6054920920153,4343.0298393808125,247,AtRecreation
2023-02-02 22:20:00,1799.6054920920153,4343.0298393808125,247,AtRecreation
2023-02-02 22:25:00,1809.880173357865,4339.172426035451,247,Transport
2023-02-02 22:30:00,1670.3113113783324,4060.92717660498,247,Transport
2023-02-02 22:35:00,1250.9156730394975,4062.330557102797,247,Transport
2023-02-02 22:40:00,831.061879867088,4056.187961737148,247,Transport
2023-02-02 22:45:00,623.5416797108849,3842.6990447571247,247,Transport
2023-02-02 22:50:00,622.1925069281828,3423.099920081473,247,Transport
2023-02-02 22:55:00,605.0352009405825,3204.860613802215,247,AtHome
2023-02-03 07:10:00,605.0352009405825,3204.860613802215,247,AtHome
2023-02-03 07:15:00,615.3098822064323,3201.003200456854,247,Transport
2023-02-03 07:20:00,615.7144952874648,3541.3130936302646,247,Transport
2023-02-03 07:25:00,629.1024998407094,3960.967477453335,247,Transport
2023-02-03 07:30:00,926.3079687295595,4083.869339018834,247,Transport
2023-02-03 07:35:00,858.6274291297271,4394.198158029892,247,AtWork
2023-02-03 11:40:00,858.6274291297271,4394.198158029892,247,AtWork
2023-02-03 11:45:00,868.902110395577,4390.34074468453,247,Transport
2023-02-03 11:50:00,709.5155648477144,4482.374039900515,247,Transport
2023-02-03 11:55:00,687.9664346058763,4396.274081528693,247,AtRestaurant
2023-02-03 12:10:00,687.9664346058763,4396.274081528693,247,AtRestaurant
2023-02-03 12:15:00,698.2411158717262,4392.416668183332,247,Transport
2023-02-03 12:20:00,858.6274291297271,4394.198158029892,247,AtWork
2023-02-03 16:10:00,858.6274291297271,4394.198158029892,247,AtWork
2023-02-03 16:15:00,868.902110395577,4390.34074468453,247,Transport
2023-02-03 16:20:00,828.0037422444615,4056.043368774391,247,Transport
2023-02-03 16:25:00,623.3748718539276,3839.641921022485,247,Transport
2023-02-03 16:30:00,622.6455910247329,3420.0719595151027,247,Transport
2023-02-03 16:35:00,605.0352009405825,3204.860613802215,247,AtHome
2023-02-03 21:30:00,605.0352009405825,3204.860613802215,247,AtHome
2023-02-03 21:35:00,615.3098822064323,3201.003200456854,247,Transport
2023-02-03 21:40:00,642.1874810231475,2703.295710883523,247,Transport
2023-02-03 21:45:00,641.9345114113765,2283.921131578666,247,Transport
2023-02-03 21:50:00,621.2383910372893,2005.3346159490147,247,AtRestaurant
2023-02-03 22:05:00,621.2383910372893,2005.3346159490147,247,AtRestaurant
2023-02-03 22:10:00,631.5130723031391,2001.4772026036533,247,Transport
2023-02-03 22:15:00,646.5072927151671,2376.165197219661,247,Transport
2023-02-03 22:20:00,640.2712967202582,2795.6074581791536,247,Transport
2023-02-03 22:25:00,605.0352009405825,3204.860613802215,247,AtHome
2023-02-04 07:00:00,605.0352009405825,3204.860613802215,247,AtHome
2023-02-04 07:05:00,615.3098822064323,3201.003200456854,247,Transport
2023-02-04 07:10:00,615.7144952874648,3541.3130936302646,247,Transport
2023-02-04 07:15:00,629.1024998407094,3960.967477453335,247,Transport
2023-02-04 07:20:00,572.0526467474274,4375.908873733891,247,Transport
2023-02-04 07:25:00,400.7848268574819,4623.759729032403,247,Transport
2023-02-04 07:30:00,62.08263586794361,4726.762882276073,247,Transport
2023-02-04 07:35:00,-228.5416636098629,4876.192230261836,247,Transport
2023-02-04 07:40:00,-270.7321517972405,5030.008217524723,247,AtRecreation
2023-02-04 08:45:00,-270.7321517972405,5030.008217524723,247,AtRecreation
2023-02-04 08:50:00,-260.45747053139064,5026.150804179361,247,Transport
2023-02-04 08:55:00,-56.31352508268587,4740.277986216306,247,Transport
2023-02-04 09:00:00,361.8254056349728,4702.987428661796,247,Transport
2023-02-04 09:05:00,554.3742530220767,4476.436116406113,247,Transport
2023-02-04 09:10:00,620.3108823479811,4079.478052167119,247,Transport
2023-02-04 09:15:00,616.1141707901548,3660.481135193048,247,Transport
2023-02-04 09:20:00,641.5651457940667,3241.933436648096,247,Transport
2023-02-04 09:25:00,605.0352009405825,3204.860613802215,247,AtHome
2023-02-04 09:30:00,615.3098822064323,3201.003200456854,247,Transport
2023-02-04 09:35:00,615.7144952874648,3541.3130936302646,247,Transport
2023-02-04 09:40:00,912.1358292519776,3665.7790038627113,247,Transport
2023-02-04 09:45:00,954.1633419054704,3995.460887129569,247,AtRecreation
2023-02-04 12:10:00,954.1633419054704,3995.460887129569,247,AtRecreation
2023-02-04 12:15:00,964.4380231713202,3991.603473784208,247,Transport
2023-02-04 12:20:00,827.6022596364746,3665.049294080348,247,Transport
2023-02-04 12:25:00,620.0233251212022,3456.885740287757,247,Transport
2023-02-04 12:30:00,605.0352009405825,3204.860613802215,247,AtHome
2023-02-04 12:35:00,615.3098822064323,3201.003200456854,247,Transport
2023-02-04 12:40:00,615.7144952874648,3541.3130936302646,247,Transport
2023-02-04 12:45:00,629.1024998407094,3960.967477453335,247,Transport
2023-02-04 12:50:00,572.0526467474274,4375.908873733891,247,Transport
2023-02-04 12:55:00,400.7848268574819,4623.759729032403,247,Transport
2023-02-04 13:00:00,62.08263586794361,4726.762882276073,247,Transport
2023-02-04 13:05:00,-228.5416636098629,4876.192230261836,247,Transport
2023-02-04 13:10:00,-270.7321517972405,5030.008217524723,247,AtRecreation
2023-02-04 14:45:00,-270.7321517972405,5030.008217524723,247,AtRecreation
2023-02-04 14:50:00,-260.45747053139064,5026.150804179361,247,Transport
2023-02-04 14:55:00,-56.31352508268587,4740.277986216306,247,Transport
2023-02-04 15:00:00,361.8254056349728,4702.987428661796,247,Transport
2023-02-04 15:05:00,554.3742530220767,4476.436116406113,247,Transport
2023-02-04 15:10:00,620.3108823479811,4079.478052167119,247,Transport
2023-02-04 15:15:00,616.1141707901548,3660.481135193048,247,Transport
2023-02-04 15:20:00,641.5651457940667,3241.933436648096,247,Transport
2023-02-04 15:25:00,605.0352009405825,3204.860613802215,247,AtHome
2023-02-04 15:30:00,615.3098822064323,3201.003200456854,247,Transport
2023-02-04 15:35:00,642.1874810231475,2703.295710883523,247,Transport
2023-02-04 15:40:00,641.9345114113765,2283.921131578666,247,Transport
2023-02-04 15:45:00,597.6053877120731,1868.122039508908,247,Transport
2023-02-04 15:50:00,646.4716470621729,1451.092481224494,247,Transport
2023-02-04 15:55:00,663.7893494011146,1032.0039626535388,247,Transport
2023-02-04 16:00:00,760.1532231729477,936.4426136668365,247,AtRecreation
2023-02-04 16:20:00,760.1532231729477,936.4426136668365,247,AtRecreation
2023-02-04 16:25:00,770.4279044387976,932.5852003214752,247,Transport
2023-02-04 16:30:00,533.243532438734,1067.052320700562,247,Transport
2023-02-04 16:35:00,403.5653194400262,1197.9861075743092,247,AtRestaurant
2023-02-04 16:50:00,403.5653194400262,1197.9861075743092,247,AtRestaurant
2023-02-04 16:55:00,413.840000705876,1194.128694228948,247,Transport
2023-02-04 17:00:00,653.0249310096121,1045.6277551766495,247,Transport
2023-02-04 17:05:00,760.1532231729477,936.4426136668365,247,AtRecreation
2023-02-04 17:20:00,760.1532231729477,936.4426136668365,247,AtRecreation
2023-02-04 17:25:00,770.4279044387976,932.5852003214752,247,Transport
2023-02-04 17:30:00,656.4955189778115,1175.025809132529,247,Transport
2023-02-04 17:35:00,630.057443387326,1593.6485457451097,247,Transport
2023-02-04 17:40:00,600.3299130282309,2011.5630085733385,247,Transport
2023-02-04 17:45:00,649.9382662694971,2427.1840488094285,247,Transport
2023-02-04 17:50:00,640.8887516017862,2846.737816544204,247,Transport
2023-02-04 17:55:00,605.0352009405825,3204.860613802215,247,AtHome
2023-02-04 18:00:00,615.3098822064323,3201.003200456854,247,Transport
2023-02-04 18:05:00,615.7144952874648,3541.3130936302646,247,Transport
2023-02-04 18:10:00,629.1024998407094,3960.967477453335,247,Transport
2023-02-04 18:15:00,949.3838027765609,4059.952491073087,247,Transport
2023-02-04 18:20:00,1369.279658274368,4062.105179472782,247,Transport
2023-02-04 18:25:00,1753.73503444248,4106.646227685894,247,Transport
2023-02-04 18:30:00,1799.6054920920153,4343.0298393808125,247,AtRecreation
2023-02-04 19:50:00,1799.6054920920153,4343.0298393808125,247,AtRecreation
2023-02-04 19:55:00,1809.880173357865,4339.172426035451,247,Transport
2023-02-04 20:00:00,1670.3113113783324,4060.92717660498,247,Transport
2023-02-04 20:05:00,1250.9156730394975,4062.330557102797,247,Transport
2023-02-04 20:10:00,831.061879867088,4056.187961737148,247,Transport
2023-02-04 20:15:00,623.5416797108849,3842.6990447571247,247,Transport
2023-02-04 20:20:00,622.1925069281828,3423.099920081473,247,Transport
2023-02-04 20:25:00,605.0352009405825,3204.860613802215,247,AtHome
2023-02-04 20:30:00,615.3098822064323,3201.003200456854,247,Transport
2023-02-04 20:35:00,642.1874810231475,2703.295710883523,247,Transport
2023-02-04 20:40:00,641.9345114113765,2283.921131578666,247,Transport
2023-02-04 20:45:00,597.6053877120731,1868.122039508908,247,Transport
2023-02-04 20:50:00,646.4716470621729,1451.092481224494,247,Transport
2023-02-04 20:55:00,663.7893494011146,1032.0039626535388,247,Transport
2023-02-04 21:00:00,760.1532231729477,936.4426136668365,247,AtRecreation
2023-02-04 22:25:00,760.1532231729477,936.4426136668365,247,AtRecreation
2023-02-04 22:30:00,770.4279044387976,932.5852003214752,247,Transport
2023-02-04 22:35:00,656.4955189778115,1175.025809132529,247,Transport
2023-02-04 22:40:00,630.057443387326,1593.6485457451097,247,Transport
2023-02-04 22:45:00,600.3299130282309,2011.5630085733385,247,Transport
2023-02-04 22:50:00,649.9382662694971,2427.1840488094285,247,Transport
2023-02-04 22:55:00,640.8887516017862,2846.737816544204,247,Transport
2023-02-04 23:00:00,605.0352009405825,3204.860613802215,247,AtHome
2023-02-05 11:40:00,605.0352009405825,3204.860613802215,247,AtHome
2023-02-05 11:45:00,615.3098822064323,3201.003200456854,247,Transport
2023-02-05 11:50:00,642.1874810231475,2703.295710883523,247,Transport
2023-02-05 11:55:00,641.9345114113765,2283.921131578666,247,Transport
2023-02-05 12:00:00,621.2383910372893,2005.3346159490147,247,AtRestaurant
2023-02-05 12:15:00,621.2383910372893,2005.3346159490147,247,AtRestaurant
2023-02-05 12:20:00,631.5130723031391,2001.4772026036533,247,Transport
2023-02-05 12:25:00,646.5072927151671,2376.165197219661,247,Transport
2023-02-05 12:30:00,640.2712967202582,2795.6074581791536,247,Transport
2023-02-05 12:35:00,605.0352009405825,3204.860613802215,247,AtHome
2023-02-05 16:55:00,605.0352009405825,3204.860613802215,247,AtHome
2023-02-05 17:00:00,615.3098822064323,3201.003200456854,247,Transport
2023-02-05 17:05:00,642.1874810231475,2703.295710883523,247,Transport
2023-02-05 17:10:00,641.9345114113765,2283.921131578666,247,Transport
2023-02-05 17:15:00,621.2383910372893,2005.3346159490147,247,AtRestaurant
2023-02-05 17:30:00,621.2383910372893,2005.3346159490147,247,AtRestaurant
2023-02-05 17:35:00,631.5130723031391,2001.4772026036533,247,Transport
2023-02-05 17:40:00,646.5072927151671,2376.165197219661,247,Transport
2023-02-05 17:45:00,640.2712967202582,2795.6074581791536,247,Transport
2023-02-05 17:50:00,605.0352009405825,3204.860613802215,247,AtHome
2023-02-05 22:10:00,605.0352009405825,3204.860613802215,247,AtHome
2023-02-05 22:15:00,615.3098822064323,3201.003200456854,247,Transport
2023-02-05 22:20:00,642.1874810231475,2703.295710883523,247,Transport
2023-02-05 22:25:00,641.9345114113765,2283.921131578666,247,Transport
2023-02-05 22:30:00,621.2383910372893,2005.3346159490147,247,AtRestaurant
2023-02-05 22:35:00,631.5130723031391,2001.4772026036533,247,Transport
2023-02-05 22:40:00,646.5072927151671,2376.165197219661,247,Transport
2023-02-05 22:45:00,640.2712967202582,2795.6074581791536,247,Transport
2023-02-05 22:50:00,605.0352009405825,3204.860613802215,247,AtHome
2023-02-06 07:10:00,605.0352009405825,3204.860613802215,247,AtHome
2023-02-06 07:15:00,615.3098822064323,3201.003200456854,247,Transport
2023-02-06 07:20:00,615.7144952874648,3541.3130936302646,247,Transport
2023-02-06 07:25:00,629.1024998407094,3960.967477453335,247,Transport
2023-02-06 07:30:00,926.3079687295595,4083.869339018834,247,Transport
2023-02-06 07:35:00,858.6274291297271,4394.198158029892,247,AtWork
2023-02-06 11:40:00,858.6274291297271,4394.198158029892,247,AtWork
2023-02-06 11:45:00,868.902110395577,4390.34074468453,247,Transport
2023-02-06 11:50:00,709.5155648477144,4482.374039900515,247,Transport
2023-02-06 11:55:00,687.9664346058763,4396.274081528693,247,AtRestaurant
2023-02-06 12:10:00,687.9664346058763,4396.274081528693,247,AtRestaurant
2023-02-06 12:15:00,698.2411158717262,4392.416668183332,247,Transport
2023-02-06 12:20:00,858.6274291297271,4394.198158029892,247,AtWork
2023-02-06 16:10:00,858.6274291297271,4394.198158029892,247,AtWork
2023-02-06 16:15:00,868.902110395577,4390.34074468453,247,Transport
2023-02-06 16:20:00,828.0037422444615,4056.043368774391,247,Transport
2023-02-06 16:25:00,623.3748718539276,3839.641921022485,247,Transport
2023-02-06 16:30:00,622.6455910247329,3420.0719595151027,247,Transport
2023-02-06 16:35:00,605.0352009405825,3204.860613802215,247,AtHome
2023-02-06 16:50:00,605.0352009405825,3204.860613802215,247,AtHome
2023-02-06 16:55:00,615.3098822064323,3201.003200456854,247,Transport
2023-02-06 17:00:00,642.1874810231475,2703.295710883523,247,Transport
2023-02-06 17:05:00,641.9345114113765,2283.921131578666,247,Transport
2023-02-06 17:10:00,621.2383910372893,2005.3346159490147,247,AtRestaurant
2023-02-06 17:25:00,621.2383910372893,2005.3346159490147,247,AtRestaurant
2023-02-06 17:30:00,631.5130723031391,2001.4772026036533,247,Transport
2023-02-06 17:35:00,646.5072927151671,2376.165197219661,247,Transport
2023-02-06 17:40:00,640.2712967202582,2795.6074581791536,247,Transport
2023-02-06 17:45:00,605.0352009405825,3204.860613802215,247,AtHome
2023-02-06 22:05:00,605.0352009405825,3204.860613802215,247,AtHome
2023-02-06 22:10:00,615.3098822064323,3201.003200456854,247,Transport
2023-02-06 22:15:00,642.1874810231475,2703.295710883523,247,Transport
2023-02-06 22:20:00,641.9345114113765,2283.921131578666,247,Transport
2023-02-06 22:25:00,621.2383910372893,2005.3346159490147,247,AtRestaurant
2023-02-06 22:30:00,631.5130723031391,2001.4772026036533,247,Transport
2023-02-06 22:35:00,646.5072927151671,2376.165197219661,247,Transport
2023-02-06 22:40:00,640.2712967202582,2795.6074581791536,247,Transport
2023-02-06 22:45:00,605.0352009405825,3204.860613802215,247,AtHome
2023-02-07 07:10:00,605.0352009405825,3204.860613802215,247,AtHome
2023-02-07 07:15:00,615.3098822064323,3201.003200456854,247,Transport
2023-02-07 07:20:00,615.7144952874648,3541.3130936302646,247,Transport
2023-02-07 07:25:00,629.1024998407094,3960.967477453335,247,Transport
2023-02-07 07:30:00,926.3079687295595,4083.869339018834,247,Transport
2023-02-07 07:35:00,858.6274291297271,4394.198158029892,247,AtWork
2023-02-07 11:40:00,858.6274291297271,4394.198158029892,247,AtWork
2023-02-07 11:45:00,868.902110395577,4390.34074468453,247,Transport
2023-02-07 11:50:00,709.5155648477144,4482.374039900515,247,Transport
2023-02-07 11:55:00,687.9664346058763,4396.274081528693,247,AtRestaurant
2023-02-07 12:10:00,687.9664346058763,4396.274081528693,247,AtRestaurant
2023-02-07 12:15:00,698.2411158717262,4392.416668183332,247,Transport
2023-02-07 12:20:00,858.6274291297271,4394.198158029892,247,AtWork
2023-02-07 16:10:00,858.6274291297271,4394.198158029892,247,AtWork
2023-02-07 16:15:00,868.902110395577,4390.34074468453,247,Transport
2023-02-07 16:20:00,828.0037422444615,4056.043368774391,247,Transport
2023-02-07 16:25:00,623.3748718539276,3839.641921022485,247,Transport
2023-02-07 16:30:00,622.6455910247329,3420.0719595151027,247,Transport
2023-02-07 16:35:00,605.0352009405825,3204.860613802215,247,AtHome
2023-02-07 16:50:00,605.0352009405825,3204.860613802215,247,AtHome
2023-02-07 16:55:00,615.3098822064323,3201.003200456854,247,Transport
2023-02-07 17:00:00,642.1874810231475,2703.295710883523,247,Transport
2023-02-07 17:05:00,641.9345114113765,2283.921131578666,247,Transport
2023-02-07 17:10:00,621.2383910372893,2005.3346159490147,247,AtRestaurant
2023-02-07 17:25:00,621.2383910372893,2005.3346159490147,247,AtRestaurant
2023-02-07 17:30:00,631.5130723031391,2001.4772026036533,247,Transport
2023-02-07 17:35:00,646.5072927151671,2376.165197219661,247,Transport
2023-02-07 17:40:00,640.2712967202582,2795.6074581791536,247,Transport
2023-02-07 17:45:00,605.0352009405825,3204.860613802215,247,AtHome
2023-02-07 22:05:00,605.0352009405825,3204.860613802215,247,AtHome
2023-02-07 22:10:00,615.3098822064323,3201.003200456854,247,Transport
2023-02-07 22:15:00,642.1874810231475,2703.295710883523,247,Transport
2023-02-07 22:20:00,641.9345114113765,2283.921131578666,247,Transport
2023-02-07 22:25:00,621.2383910372893,2005.3346159490147,247,AtRestaurant
2023-02-07 22:30:00,631.5130723031391,2001.4772026036533,247,Transport
2023-02-07 22:35:00,646.5072927151671,2376.165197219661,247,Transport
2023-02-07 22:40:00,640.2712967202582,2795.6074581791536,247,Transport
2023-02-07 22:45:00,605.0352009405825,3204.860613802215,247,AtHome
2023-03-01 07:10:00,605.0352009405825,3204.860613802215,247,AtHome
2023-03-01 07:15:00,615.3098822064323,3201.003200456854,247,Transport
2023-03-01 07:20:00,615.7144952874648,3541.3130936302646,247,Transport
2023-03-01 07:25:00,629.1024998407094,3960.967477453335,247,Transport
2023-03-01 07:30:00,926.3079687295595,4083.869339018834,247,Transport
2023-03-01 07:35:00,858.6274291297271,4394.198158029892,247,AtWork
2023-03-01 11:40:00,858.6274291297271,4394.198158029892,247,AtWork
2023-03-01 11:45:00,868.902110395577,4390.34074468453,247,Transport
2023-03-01 11:50:00,709.5155648477144,4482.374039900515,247,Transport
2023-03-01 11:55:00,687.9664346058763,4396.274081528693,247,AtRestaurant
2023-03-01 12:10:00,687.9664346058763,4396.274081528693,247,AtRestaurant
2023-03-01 12:15:00,698.2411158717262,4392.416668183332,247,Transport
2023-03-01 12:20:00,858.6274291297271,4394.198158029892,247,AtWork
2023-03-01 16:10:00,858.6274291297271,4394.198158029892,247,AtWork
2023-03-01 16:15:00,868.902110395577,4390.34074468453,247,Transport
2023-03-01 16:20:00,828.0037422444615,4056.043368774391,247,Transport
2023-03-01 16:25:00,623.3748718539276,3839.641921022485,247,Transport
2023-03-01 16:30:00,622.6455910247329,3420.0719595151027,247,Transport
2023-03-01 16:35:00,605.0352009405825,3204.860613802215,247,AtHome
2023-03-01 21:30:00,605.0352009405825,3204.860613802215,247,AtHome
2023-03-01 21:35:00,615.3098822064323,3201.003200456854,247,Transport
2023-03-01 21:40:00,642.1874810231475,2703.295710883523,247,Transport
2023-03-01 21:45:00,641.9345114113765,2283.921131578666,247,Transport
2023-03-01 21:50:00,621.2383910372893,2005.3346159490147,247,AtRestaurant
2023-03-01 22:05:00,621.2383910372893,2005.3346159490147,247,AtRestaurant
2023-03-01 22:10:00,631.5130723031391,2001.4772026036533,247,Transport
2023-03-01 22:15:00,646.5072927151671,2376.165197219661,247,Transport
2023-03-01 22:20:00,640.2712967202582,2795.6074581791536,247,Transport
2023-03-01 22:25:00,605.0352009405825,3204.860613802215,247,AtHome
2023-03-02 07:10:00,605.0352009405825,3204.860613802215,247,AtHome
2023-03-02 07:15:00,615.3098822064323,3201.003200456854,247,Transport
2023-03-02 07:20:00,615.7144952874648,3541.3130936302646,247,Transport
2023-03-02 07:25:00,629.1024998407094,3960.967477453335,247,Transport
2023-03-02 07:30:00,926.3079687295595,4083.869339018834,247,Transport
2023-03-02 07:35:00,858.6274291297271,4394.198158029892,247,AtWork
2023-03-02 11:40:00,858.6274291297271,4394.198158029892,247,AtWork
2023-03-02 11:45:00,868.902110395577,4390.34074468453,247,Transport
2023-03-02 11:50:00,709.5155648477144,4482.374039900515,247,Transport
2023-03-02 11:55:00,687.9664346058763,4396.274081528693,247,AtRestaurant
2023-03-02 12:10:00,687.9664346058763,4396.274081528693,247,AtRestaurant
2023-03-02 12:15:00,698.2411158717262,4392.416668183332,247,Transport
2023-03-02 12:20:00,858.6274291297271,4394.198158029892,247,AtWork
2023-03-02 16:10:00,858.6274291297271,4394.198158029892,247,AtWork
2023-03-02 16:15:00,868.902110395577,4390.34074468453,247,Transport
2023-03-02 16:20:00,828.0037422444615,4056.043368774391,247,Transport
2023-03-02 16:25:00,623.3748718539276,3839.641921022485,247,Transport
2023-03-02 16:30:00,622.6455910247329,3420.0719595151027,247,Transport
2023-03-02 16:35:00,605.0352009405825,3204.860613802215,247,AtHome
2023-03-02 16:40:00,615.3098822064323,3201.003200456854,247,Transport
2023-03-02 16:45:00,615.7144952874648,3541.3130936302646,247,Transport
2023-03-02 16:50:00,629.1024998407094,3960.967477453335,247,Transport
2023-03-02 16:55:00,572.0526467474274,4375.908873733891,247,Transport
2023-03-02 17:00:00,253.9183012035699,4473.425158681876,247,Transport
2023-03-02 17:05:00,190.3099082388192,4100.386250173873,247,Transport
2023-03-02 17:10:00,-227.924773664714,4123.905522141427,247,Transport
2023-03-02 17:15:00,-48.73849432142425,3890.999541848754,247,Transport
2023-03-02 17:20:00,-236.19566791087192,3881.911110971474,247,AtRecreation
2023-03-02 19:50:00,-236.19566791087192,3881.911110971474,247,AtRecreation
2023-03-02 19:55:00,-225.9209866450221,3878.053697626113,247,Transport
2023-03-02 20:00:00,-49.330318444446,3986.322344996892,247,Transport
2023-03-02 20:05:00,-133.37526873220492,4111.11260730294,247,Transport
2023-03-02 20:10:00,188.61397305386183,4195.410110193234,247,Transport
2023-03-02 20:15:00,349.0352898431787,4478.16622847438,247,Transport
2023-03-02 20:20:00,580.3965404548777,4280.867776814112,247,Transport
2023-03-02 20:25:00,624.7941609893063,3865.653540506299,247,Transport
2023-03-02 20:30:00,620.679512600292,3446.033492504884,247,Transport
2023-03-02 20:35:00,605.0352009405825,3204.860613802215,247,AtHome
2023-03-02 20:40:00,615.3098822064323,3201.003200456854,247,Transport
2023-03-02 20:45:00,615.7144952874648,3541.3130936302646,247,Transport
2023-03-02 20:50:00,629.1024998407094,3960.967477453335,247,Transport
2023-03-02 20:55:00,572.0526467474274,4375.908873733891,247,Transport
2023-03-02 21:00:00,253.9183012035699,4473.425158681876,247,Transport
2023-03-02 21:05:00,190.3099082388192,4100.386250173873,247,Transport
2023-03-02 21:10:00,-227.924773664714,4123.905522141427,247,Transport
2023-03-02 21:15:00,-48.73849432142425,3890.999541848754,247,Transport
2023-03-02 21:20:00,-236.19566791087192,3881.911110971474,247,AtRecreation
2023-03-02 22:25:00,-236.19566791087192,3881.911110971474,247,AtRecreation
2023-03-02 22:30:00,-225.9209866450221,3878.053697626113,247,Transport
2023-03-02 22:35:00,-49.330318444446,3986.322344996892,247,Transport
2023-03-02 22:40:00,-133.37526873220492,4111.11260730294,247,Transport
2023-03-02 22:45:00,188.61397305386183,4195.410110193234,247,Transport
2023-03-02 22:50:00,349.0352898431787,4478.16622847438,247,Transport
2023-03-02 22:55:00,580.3965404548777,4280.867776814112,247,Transport
2023-03-02 23:00:00,624.7941609893063,3865.653540506299,247,Transport
2023-03-02 23:05:00,620.679512600292,3446.033492504884,247,Transport
2023-03-02 23:10:00,605.0352009405825,3204.860613802215,247,AtHome
2023-03-03 07:10:00,605.0352009405825,3204.860613802215,247,AtHome
2023-03-03 07:15:00,615.3098822064323,3201.003200456854,247,Transport
2023-03-03 07:20:00,615.7144952874648,3541.3130936302646,247,Transport
2023-03-03 07:25:00,629.1024998407094,3960.967477453335,247,Transport
2023-03-03 07:30:00,926.3079687295595,4083.869339018834,247,Transport
2023-03-03 07:35:00,858.6274291297271,4394.198158029892,247,AtWork
2023-03-03 11:40:00,858.6274291297271,4394.198158029892,247,AtWork
2023-03-03 11:45:00,868.902110395577,4390.34074468453,247,Transport
2023-03-03 11:50:00,709.5155648477144,4482.374039900515,247,Transport
2023-03-03 11:55:00,687.9664346058763,4396.274081528693,247,AtRestaurant
2023-03-03 12:10:00,687.9664346058763,4396.274081528693,247,AtRestaurant
2023-03-03 12:15:00,698.2411158717262,4392.416668183332,247,Transport
2023-03-03 12:20:00,858.6274291297271,4394.198158029892,247,AtWork
2023-03-03 16:10:00,858.6274291297271,4394.198158029892,247,AtWork
2023-03-03 16:15:00,868.902110395577,4390.34074468453,247,Transport
2023-03-03 16:20:00,828.0037422444615,4056.043368774391,247,Transport
2023-03-03 16:25:00,623.3748718539276,3839.641921022485,247,Transport
2023-03-03 16:30:00,622.6455910247329,3420.0719595151027,247,Transport
2023-03-03 16:35:00,605.0352009405825,3204.860613802215,247,AtHome
2023-03-03 16:40:00,615.3098822064323,3201.003200456854,247,Transport
2023-03-03 16:45:00,615.7144952874648,3541.3130936302646,247,Transport
2023-03-03 16:50:00,629.1024998407094,3960.967477453335,247,Transport
2023-03-03 16:55:00,572.0526467474274,4375.908873733891,247,Transport
2023-03-03 17:00:00,253.9183012035699,4473.425158681876,247,Transport
2023-03-03 17:05:00,190.3099082388192,4100.386250173873,247,Transport
2023-03-03 17:10:00,-227.924773664714,4123.905522141427,247,Transport
2023-03-03 17:15:00,-48.73849432142425,3890.999541848754,247,Transport
2023-03-03 17:20:00,-236.19566791087192,3881.911110971474,247,AtRecreation
2023-03-03 18:15:00,-236.19566791087192,3881.911110971474,247,AtRecreation
2023-03-03 18:20:00,-225.9209866450221,3878.053697626113,247,Transport
2023-03-03 18:25:00,-49.330318444446,3986.322344996892,247,Transport
2023-03-03 18:30:00,-133.37526873220492,4111.11260730294,247,Transport
2023-03-03 18:35:00,188.61397305386183,4195.410110193234,247,Transport
2023-03-03 18:40:00,349.0352898431787,4478.16622847438,247,Transport
2023-03-03 18:45:00,580.3965404548777,4280.867776814112,247,Transport
2023-03-03 18:50:00,624.7941609893063,3865.653540506299,247,Transport
2023-03-03 18:55:00,620.679512600292,3446.033492504884,247,Transport
2023-03-03 19:00:00,605.0352009405825,3204.860613802215,247,AtHome
2023-03-03 19:05:00,615.3098822064323,3201.003200456854,247,Transport
2023-03-03 19:10:00,615.7144952874648,3541.3130936302646,247,Transport
2023-03-03 19:15:00,912.1358292519776,3665.7790038627113,247,Transport
2023-03-03 19:20:00,954.1633419054704,3995.460887129569,247,AtRecreation
2023-03-03 21:00:00,954.1633419054704,3995.460887129569,247,AtRecreation
2023-03-03 21:05:00,964.4380231713202,3991.603473784208,247,Transport
2023-03-03 21:10:00,827.6022596364746,3665.049294080348,247,Transport
2023-03-03 21:15:00,620.0233251212022,3456.885740287757,247,Transport
2023-03-03 21:20:00,605.0352009405825,3204.860613802215,247,AtHome
2023-03-03 21:25:00,615.3098822064323,3201.003200456854,247,Transport
2023-03-03 21:30:00,615.7144952874648,3541.3130936302646,247,Transport
2023-03-03 21:35:00,629.1024998407094,3960.967477453335,247,Transport
2023-03-03 21:40:00,949.3838027765609,4059.952491073087,247,Transport
2023-03-03 21:45:00,1369.279658274368,4062.105179472782,247,Transport
2023-03-03 21:50:00,1753.73503444248,4106.646227685894,247,Transport
2023-03-03 21:55:00,1799.6054920920153,4343.0298393808125,247,AtRecreation
2023-03-03 22:25:00,1799.6054920920153,4343.0298393808125,247,AtRecreation
2023-03-03 22:30:00,1809.880173357865,4339.172426035451,247,Transport
2023-03-03 22:35:00,1670.3113113783324,4060.92717660498,247,Transport
2023-03-03 22:40:00,1250.9156730394975,4062.330557102797,247,Transport
2023-03-03 22:45:00,831.061879867088,4056.187961737148,247,Transport
2023-03-03 22:50:00,623.5416797108849,3842.6990447571247,247,Transport
2023-03-03 22:55:00,622.1925069281828,3423.099920081473,247,Transport
2023-03-03 23:00:00,605.0352009405825,3204.860613802215,247,AtHome
2023-03-04 11:40:00,605.0352009405825,3204.860613802215,247,AtHome
2023-03-04 11:45:00,615.3098822064323,3201.003200456854,247,Transport
2023-03-04 11:50:00,642.1874810231475,2703.295710883523,247,Transport
2023-03-04 11:55:00,641.9345114113765,2283.921131578666,247,Transport
2023-03-04 12:00:00,621.2383910372893,2005.3346159490147,247,AtRestaurant
2023-03-04 12:15:00,621.2383910372893,2005.3346159490147,247,AtRestaurant
2023-03-04 12:20:00,631.5130723031391,2001.4772026036533,247,Transport
2023-03-04 12:25:00,646.5072927151671,2376.165197219661,247,Transport
2023-03-04 12:30:00,640.2712967202582,2795.6074581791536,247,Transport
2023-03-04 12:35:00,605.0352009405825,3204.860613802215,247,AtHome
2023-03-05 07:00:00,605.0352009405825,3204.860613802215,247,AtHome
2023-03-05 07:05:00,615.3098822064323,3201.003200456854,247,Transport
2023-03-05 07:10:00,642.1874810231475,2703.295710883523,247,Transport
2023-03-05 07:15:00,641.9345114113765,2283.921131578666,247,Transport
2023-03-05 07:20:00,621.2383910372893,2005.3346159490147,247,AtRestaurant
2023-03-05 07:35:00,621.2383910372893,2005.3346159490147,247,AtRestaurant
2023-03-05 07:40:00,631.5130723031391,2001.4772026036533,247,Transport
2023-03-05 07:45:00,646.5072927151671,2376.165197219661,247,Transport
2023-03-05 07:50:00,640.2712967202582,2795.6074581791536,247,Transport
2023-03-05 07:55:00,605.0352009405825,3204.860613802215,247,AtHome
2023-03-05 16:55:00,605.0352009405825,3204.860613802215,247,AtHome
2023-03-05 17:00:00,615.3098822064323,3201.003200456854,247,Transport
2023-03-05 17:05:00,642.1874810231475,2703.295710883523,247,Transport
2023-03-05 17:10:00,641.9345114113765,2283.921131578666,247,Transport
2023-03-05 17:15:00,621.2383910372893,2005.3346159490147,247,AtRestaurant
2023-03-05 17:30:00,621.2383910372893,2005.3346159490147,247,AtRestaurant
2023-03-05 17:35:00,631.5130723031391,2001.4772026036533,247,Transport
2023-03-05 17:40:00,646.5072927151671,2376.165197219661,247,Transport
2023-03-05 17:45:00,640.2712967202582,2795.6074581791536,247,Transport
2023-03-05 17:50:00,605.0352009405825,3204.860613802215,247,AtHome
2023-03-06 07:10:00,605.0352009405825,3204.860613802215,247,AtHome
2023-03-06 07:15:00,615.3098822064323,3201.003200456854,247,Transport
2023-03-06 07:20:00,615.7144952874648,3541.3130936302646,247,Transport
2023-03-06 07:25:00,629.1024998407094,3960.967477453335,247,Transport
2023-03-06 07:30:00,926.3079687295595,4083.869339018834,247,Transport
2023-03-06 07:35:00,858.6274291297271,4394.198158029892,247,AtWork
2023-03-06 11:40:00,858.6274291297271,4394.198158029892,247,AtWork
2023-03-06 11:45:00,868.902110395577,4390.34074468453,247,Transport
2023-03-06 11:50:00,709.5155648477144,4482.374039900515,247,Transport
2023-03-06 11:55:00,687.9664346058763,4396.274081528693,247,AtRestaurant
2023-03-06 12:10:00,687.9664346058763,4396.274081528693,247,AtRestaurant
2023-03-06 12:15:00,698.2411158717262,4392.416668183332,247,Transport
2023-03-06 12:20:00,858.6274291297271,4394.198158029892,247,AtWork
2023-03-06 16:10:00,858.6274291297271,4394.198158029892,247,AtWork
2023-03-06 16:15:00,868.902110395577,4390.34074468453,247,Transport
2023-03-06 16:20:00,828.0037422444615,4056.043368774391,247,Transport
2023-03-06 16:25:00,623.3748718539276,3839.641921022485,247,Transport
2023-03-06 16:30:00,622.6455910247329,3420.0719595151027,247,Transport
2023-03-06 16:35:00,605.0352009405825,3204.860613802215,247,AtHome
2023-03-07 07:10:00,605.0352009405825,3204.860613802215,247,AtHome
2023-03-07 07:15:00,615.3098822064323,3201.003200456854,247,Transport
2023-03-07 07:20:00,615.7144952874648,3541.3130936302646,247,Transport
2023-03-07 07:25:00,629.1024998407094,3960.967477453335,247,Transport
2023-03-07 07:30:00,926.3079687295595,4083.869339018834,247,Transport
2023-03-07 07:35:00,858.6274291297271,4394.198158029892,247,AtWork
2023-03-07 11:40:00,858.6274291297271,4394.198158029892,247,AtWork
2023-03-07 11:45:00,868.902110395577,4390.34074468453,247,Transport
2023-03-07 11:50:00,709.5155648477144,4482.374039900515,247,Transport
2023-03-07 11:55:00,687.9664346058763,4396.274081528693,247,AtRestaurant
2023-03-07 12:10:00,687.9664346058763,4396.274081528693,247,AtRestaurant
2023-03-07 12:15:00,698.2411158717262,4392.416668183332,247,Transport
2023-03-07 12:20:00,858.6274291297271,4394.198158029892,247,AtWork
2023-03-07 16:10:00,858.6274291297271,4394.198158029892,247,AtWork
2023-03-07 16:15:00,868.902110395577,4390.34074468453,247,Transport
2023-03-07 16:20:00,828.0037422444615,4056.043368774391,247,Transport
2023-03-07 16:25:00,623.3748718539276,3839.641921022485,247,Transport
2023-03-07 16:30:00,622.6455910247329,3420.0719595151027,247,Transport
2023-03-07 16:35:00,605.0352009405825,3204.860613802215,247,AtHome
2023-03-07 16:40:00,615.3098822064323,3201.003200456854,247,Transport
2023-03-07 16:45:00,615.7144952874648,3541.3130936302646,247,Transport
2023-03-07 16:50:00,629.1024998407094,3960.967477453335,247,Transport
2023-03-07 16:55:00,572.0526467474274,4375.908873733891,247,Transport
2023-03-07 17:00:00,400.7848268574819,4623.759729032403,247,Transport
2023-03-07 17:05:00,62.08263586794361,4726.762882276073,247,Transport
2023-03-07 17:10:00,-228.5416636098629,4876.192230261836,247,Transport
2023-03-07 17:15:00,-270.7321517972405,5030.008217524723,247,AtRecreation
2023-03-07 17:20:00,-260.45747053139064,5026.150804179361,247,Transport
2023-03-07 17:25:00,-56.31352508268587,4740.277986216306,247,Transport
2023-03-07 17:30:00,361.8254056349728,4702.987428661796,247,Transport
2023-03-07 17:35:00,554.3742530220767,4476.436116406113,247,Transport
2023-03-07 17:40:00,687.9664346058763,4396.274081528693,247,AtRestaurant
2023-03-07 17:55:00,687.9664346058763,4396.274081528693,247,AtRestaurant
2023-03-07 18:00:00,698.2411158717262,4392.416668183332,247,Transport
2023-03-07 18:05:00,401.00364888735993,4632.191656083583,247,Transport
2023-03-07 18:10:00,53.71315310962717,4727.81027677455,247,Transport
2023-03-07 18:15:00,-230.4186780140786,4884.415495659691,247,Transport
2023-03-07 18:20:00,-270.7321517972405,5030.008217524723,247,AtRecreation
2023-03-07 18:35:00,-270.7321517972405,5030.008217524723,247,AtRecreation
2023-03-07 18:40:00,-260.45747053139064,5026.150804179361,247,Transport
2023-03-07 18:45:00,-56.31352508268587,4740.277986216306,247,Transport
2023-03-07 18:50:00,361.8254056349728,4702.987428661796,247,Transport
2023-03-07 18:55:00,554.3742530220767,4476.436116406113,247,Transport
2023-03-07 19:00:00,620.3108823479811,4079.478052167119,247,Transport
2023-03-07 19:05:00,616.1141707901548,3660.481135193048,247,Transport
2023-03-07 19:10:00,641.5651457940667,3241.933436648096,247,Transport
2023-03-07 19:15:00,605.0352009405825,3204.860613802215,247,AtHome
2023-03-07 19:20:00,615.3098822064323,3201.003200456854,247,Transport
2023-03-07 19:25:00,615.7144952874648,3541.3130936302646,247,Transport
2023-03-07 19:30:00,912.1358292519776,3665.7790038627113,247,Transport
2023-03-07 19:35:00,954.1633419054704,3995.460887129569,247,AtRecreation
2023-03-07 21:00:00,954.1633419054704,3995.460887129569,247,AtRecreation
2023-03-07 21:05:00,964.4380231713202,3991.603473784208,247,Transport
2023-03-07 21:10:00,827.6022596364746,3665.049294080348,247,Transport
2023-03-07 21:15:00,620.0233251212022,3456.885740287757,247,Transport
2023-03-07 21:20:00,605.0352009405825,3204.860613802215,247,AtHome
2023-03-07 21:25:00,615.3098822064323,3201.003200456854,247,Transport
2023-03-07 21:30:00,615.7144952874648,3541.3130936302646,247,Transport
2023-03-07 21:35:00,629.1024998407094,3960.967477453335,247,Transport
2023-03-07 21:40:00,572.0526467474274,4375.908873733891,247,Transport
2023-03-07 21:45:00,400.7848268574819,4623.759729032403,247,Transport
2023-03-07 21:50:00,62.08263586794361,4726.762882276073,247,Transport
2023-03-07 21:55:00,-228.5416636098629,4876.192230261836,247,Transport
2023-03-07 22:00:00,-270.7321517972405,5030.008217524723,247,AtRecreation
2023-03-07 22:25:00,-270.7321517972405,5030.008217524723,247,AtRecreation
2023-03-07 22:30:00,-260.45747053139064,5026.150804179361,247,Transport
2023-03-07 22:35:00,-56.31352508268587,4740.277986216306,247,Transport
2023-03-07 22:40:00,361.8254056349728,4702.987428661796,247,Transport
2023-03-07 22:45:00,554.3742530220767,4476.436116406113,247,Transport
2023-03-07 22:50:00,620.3108823479811,4079.478052167119,247,Transport
2023-03-07 22:55:00,616.1141707901548,3660.481135193048,247,Transport
2023-03-07 23:00:00,641.5651457940667,3241.933436648096,247,Transport
2023-03-07 23:05:00,605.0352009405825,3204.860613802215,247,AtHome
2023-04-01 16:20:00,605.0352009405825,3204.860613802215,247,AtHome
2023-04-01 16:25:00,615.3098822064323,3201.003200456854,247,Transport
2023-04-01 16:30:00,642.1874810231475,2703.295710883523,247,Transport
2023-04-01 16:35:00,641.9345114113765,2283.921131578666,247,Transport
2023-04-01 16:40:00,621.2383910372893,2005.3346159490147,247,AtRestaurant
2023-04-01 16:55:00,621.2383910372893,2005.3346159490147,247,AtRestaurant
2023-04-01 17:00:00,631.5130723031391,2001.4772026036533,247,Transport
2023-04-01 17:05:00,646.5072927151671,2376.165197219661,247,Transport
2023-04-01 17:10:00,640.2712967202582,2795.6074581791536,247,Transport
2023-04-01 17:15:00,605.0352009405825,3204.860613802215,247,AtHome
2023-04-01 21:35:00,605.0352009405825,3204.860613802215,247,AtHome
2023-04-01 21:40:00,615.3098822064323,3201.003200456854,247,Transport
2023-04-01 21:45:00,642.1874810231475,2703.295710883523,247,Transport
2023-04-01 21:50:00,641.9345114113765,2283.921131578666,247,Transport
2023-04-01 21:55:00,621.2383910372893,2005.3346159490147,247,AtRestaurant
2023-04-01 22:10:00,621.2383910372893,2005.3346159490147,247,AtRestaurant
2023-04-01 22:15:00,631.5130723031391,2001.4772026036533,247,Transport
2023-04-01 22:20:00,646.5072927151671,2376.165197219661,247,Transport
2023-04-01 22:25:00,640.2712967202582,2795.6074581791536,247,Transport
2023-04-01 22:30:00,605.0352009405825,3204.860613802215,247,AtHome
2023-04-02 16:20:00,605.0352009405825,3204.860613802215,247,AtHome
2023-04-02 16:25:00,615.3098822064323,3201.003200456854,247,Transport
2023-04-02 16:30:00,642.1874810231475,2703.295710883523,247,Transport
2023-04-02 16:35:00,641.9345114113765,2283.921131578666,247,Transport
2023-04-02 16:40:00,621.2383910372893,2005.3346159490147,247,AtRestaurant
2023-04-02 16:55:00,621.2383910372893,2005.3346159490147,247,AtRestaurant
2023-04-02 17:00:00,631.5130723031391,2001.4772026036533,247,Transport
2023-04-02 17:05:00,646.5072927151671,2376.165197219661,247,Transport
2023-04-02 17:10:00,640.2712967202582,2795.6074581791536,247,Transport
2023-04-02 17:15:00,605.0352009405825,3204.860613802215,247,AtHome
2023-04-03 07:10:00,605.0352009405825,3204.860613802215,247,AtHome
2023-04-03 07:15:00,615.3098822064323,3201.003200456854,247,Transport
2023-04-03 07:20:00,615.7144952874648,3541.3130936302646,247,Transport
2023-04-03 07:25:00,629.1024998407094,3960.967477453335,247,Transport
2023-04-03 07:30:00,926.3079687295595,4083.869339018834,247,Transport
2023-04-03 07:35:00,858.6274291297271,4394.198158029892,247,AtWork
2023-04-03 11:40:00,858.6274291297271,4394.198158029892,247,AtWork
2023-04-03 11:45:00,868.902110395577,4390.34074468453,247,Transport
2023-04-03 11:50:00,709.5155648477144,4482.374039900515,247,Transport
2023-04-03 11:55:00,687.9664346058763,4396.274081528693,247,AtRestaurant
2023-04-03 12:10:00,687.9664346058763,4396.274081528693,247,AtRestaurant
2023-04-03 12:15:00,698.2411158717262,4392.416668183332,247,Transport
2023-04-03 12:20:00,858.6274291297271,4394.198158029892,247,AtWork
2023-04-03 16:10:00,858.6274291297271,4394.198158029892,247,AtWork
2023-04-03 16:15:00,868.902110395577,4390.34074468453,247,Transport
2023-04-03 16:20:00,828.0037422444615,4056.043368774391,247,Transport
2023-04-03 16:25:00,623.3748718539276,3839.641921022485,247,Transport
2023-04-03 16:30:00,622.6455910247329,3420.0719595151027,247,Transport
2023-04-03 16:35:00,605.0352009405825,3204.860613802215,247,AtHome
2023-04-03 21:30:00,605.0352009405825,3204.860613802215,247,AtHome
2023-04-03 21:35:00,615.3098822064323,3201.003200456854,247,Transport
2023-04-03 21:40:00,642.1874810231475,2703.295710883523,247,Transport
2023-04-03 21:45:00,641.9345114113765,2283.921131578666,247,Transport
2023-04-03 21:50:00,621.2383910372893,2005.3346159490147,247,AtRestaurant
2023-04-03 22:05:00,621.2383910372893,2005.3346159490147,247,AtRestaurant
2023-04-03 22:10:00,631.5130723031391,2001.4772026036533,247,Transport
2023-04-03 22:15:00,646.5072927151671,2376.165197219661,247,Transport
2023-04-03 22:20:00,640.2712967202582,2795.6074581791536,247,Transport
2023-04-03 22:25:00,605.0352009405825,3204.860613802215,247,AtHome
2023-04-04 07:10:00,605.0352009405825,3204.860613802215,247,AtHome
2023-04-04 07:15:00,615.3098822064323,3201.003200456854,247,Transport
2023-04-04 07:20:00,615.7144952874648,3541.3130936302646,247,Transport
2023-04-04 07:25:00,629.1024998407094,3960.967477453335,247,Transport
2023-04-04 07:30:00,926.3079687295595,4083.869339018834,247,Transport
2023-04-04 07:35:00,858.6274291297271,4394.198158029892,247,AtWork
2023-04-04 11:40:00,858.6274291297271,4394.198158029892,247,AtWork
2023-04-04 11:45:00,868.902110395577,4390.34074468453,247,Transport
2023-04-04 11:50:00,709.5155648477144,4482.374039900515,247,Transport
2023-04-04 11:55:00,687.9664346058763,4396.274081528693,247,AtRestaurant
2023-04-04 12:10:00,687.9664346058763,4396.274081528693,247,AtRestaurant
2023-04-04 12:15:00,698.2411158717262,4392.416668183332,247,Transport
2023-04-04 12:20:00,858.6274291297271,4394.198158029892,247,AtWork
2023-04-04 16:10:00,858.6274291297271,4394.198158029892,247,AtWork
2023-04-04 16:15:00,868.902110395577,4390.34074468453,247,Transport
2023-04-04 16:20:00,828.0037422444615,4056.043368774391,247,Transport
2023-04-04 16:25:00,623.3748718539276,3839.641921022485,247,Transport
2023-04-04 16:30:00,622.6455910247329,3420.0719595151027,247,Transport
2023-04-04 16:35:00,605.0352009405825,3204.860613802215,247,AtHome
2023-04-04 16:40:00,615.3098822064323,3201.003200456854,247,Transport
2023-04-04 16:45:00,615.7144952874648,3541.3130936302646,247,Transport
2023-04-04 16:50:00,912.1358292519776,3665.7790038627113,247,Transport
2023-04-04 16:55:00,954.1633419054704,3995.460887129569,247,AtRecreation
2023-04-04 18:40:00,954.1633419054704,3995.460887129569,247,AtRecreation
2023-04-04 18:45:00,964.4380231713202,3991.603473784208,247,Transport
2023-04-04 18:50:00,827.6022596364746,3665.049294080348,247,Transport
2023-04-04 18:55:00,620.0233251212022,3456.885740287757,247,Transport
2023-04-04 19:00:00,605.0352009405825,3204.860613802215,247,AtHome
2023-04-04 19:05:00,615.3098822064323,3201.003200456854,247,Transport
2023-04-04 19:10:00,615.7144952874648,3541.3130936302646,247,Transport
2023-04-04 19:15:00,629.1024998407094,3960.967477453335,247,Transport
2023-04-04 19:20:00,572.0526467474274,4375.908873733891,247,Transport
2023-04-04 19:25:00,400.7848268574819,4623.759729032403,247,Transport
2023-04-04 19:30:00,62.08263586794361,4726.762882276073,247,Transport
2023-04-04 19:35:00,-228.5416636098629,4876.192230261836,247,Transport
2023-04-04 19:40:00,-270.7321517972405,5030.008217524723,247,AtRecreation
2023-04-04 21:05:00,-270.7321517972405,5030.008217524723,247,AtRecreation
2023-04-04 21:10:00,-260.45747053139064,5026.150804179361,247,Transport
2023-04-04 21:15:00,-56.31352508268587,4740.277986216306,247,Transport
2023-04-04 21:20:00,361.8254056349728,4702.987428661796,247,Transport
2023-04-04 21:25:00,554.3742530220767,4476.436116406113,247,Transport
2023-04-04 21:30:00,620.3108823479811,4079.478052167119,247,Transport
2023-04-04 21:35:00,616.1141707901548,3660.481135193048,247,Transport
2023-04-04 21:40:00,641.5651457940667,3241.933436648096,247,Transport
2023-04-04 21:45:00,605.0352009405825,3204.860613802215,247,AtHome
2023-04-05 07:10:00,605.0352009405825,3204.860613802215,247,AtHome
2023-04-05 07:15:00,615.3098822064323,3201.003200456854,247,Transport
2023-04-05 07:20:00,615.7144952874648,3541.3130936302646,247,Transport
2023-04-05 07:25:00,629.1024998407094,3960.967477453335,247,Transport
2023-04-05 07:30:00,926.3079687295595,4083.869339018834,247,Transport
2023-04-05 07:35:00,858.6274291297271,4394.198158029892,247,AtWork
2023-04-05 11:40:00,858.6274291297271,4394.198158029892,247,AtWork
2023-04-05 11:45:00,868.902110395577,4390.34074468453,247,Transport
2023-04-05 11:50:00,709.5155648477144,4482.374039900515,247,Transport
2023-04-05 11:55:00,687.9664346058763,4396.274081528693,247,AtRestaurant
2023-04-05 12:10:00,687.9664346058763,4396.274081528693,247,AtRestaurant
2023-04-05 12:15:00,698.2411158717262,4392.416668183332,247,Transport
2023-04-05 12:20:00,858.6274291297271,4394.198158029892,247,AtWork
2023-04-05 16:10:00,858.6274291297271,4394.198158029892,247,AtWork
2023-04-05 16:15:00,868.902110395577,4390.34074468453,247,Transport
2023-04-05 16:20:00,828.0037422444615,4056.043368774391,247,Transport
2023-04-05 16:25:00,623.3748718539276,3839.641921022485,247,Transport
2023-04-05 16:30:00,622.6455910247329,3420.0719595151027,247,Transport
2023-04-05 16:35:00,605.0352009405825,3204.860613802215,247,AtHome
2023-04-05 16:50:00,605.0352009405825,3204.860613802215,247,AtHome
2023-04-05 16:55:00,615.3098822064323,3201.003200456854,247,Transport
2023-04-05 17:00:00,642.1874810231475,2703.295710883523,247,Transport
2023-04-05 17:05:00,641.9345114113765,2283.921131578666,247,Transport
2023-04-05 17:10:00,621.2383910372893,2005.3346159490147,247,AtRestaurant
2023-04-05 17:25:00,621.2383910372893,2005.3346159490147,247,AtRestaurant
2023-04-05 17:30:00,631.5130723031391,2001.4772026036533,247,Transport
2023-04-05 17:35:00,646.5072927151671,2376.165197219661,247,Transport
2023-04-05 17:40:00,640.2712967202582,2795.6074581791536,247,Transport
2023-04-05 17:45:00,605.0352009405825,3204.860613802215,247,AtHome
2023-04-06 07:10:00,605.0352009405825,3204.860613802215,247,AtHome
2023-04-06 07:15:00,615.3098822064323,3201.003200456854,247,Transport
2023-04-06 07:20:00,615.7144952874648,3541.3130936302646,247,Transport
2023-04-06 07:25:00,629.1024998407094,3960.967477453335,247,Transport
2023-04-06 07:30:00,926.3079687295595,4083.869339018834,247,Transport
2023-04-06 07:35:00,858.6274291297271,4394.198158029892,247,AtWork
2023-04-06 11:40:00,858.6274291297271,4394.198158029892,247,AtWork
2023-04-06 11:45:00,868.902110395577,4390.34074468453,247,Transport
2023-04-06 11:50:00,709.5155648477144,4482.374039900515,247,Transport
2023-04-06 11:55:00,687.9664346058763,4396.274081528693,247,AtRestaurant
2023-04-06 12:10:00,687.9664346058763,4396.274081528693,247,AtRestaurant
2023-04-06 12:15:00,698.2411158717262,4392.416668183332,247,Transport
2023-04-06 12:20:00,858.6274291297271,4394.198158029892,247,AtWork
2023-04-06 16:10:00,858.6274291297271,4394.198158029892,247,AtWork
2023-04-06 16:15:00,868.902110395577,4390.34074468453,247,Transport
2023-04-06 16:20:00,828.0037422444615,4056.043368774391,247,Transport
2023-04-06 16:25:00,623.3748718539276,3839.641921022485,247,Transport
2023-04-06 16:30:00,622.6455910247329,3420.0719595151027,247,Transport
2023-04-06 16:35:00,605.0352009405825,3204.860613802215,247,AtHome
2023-04-06 16:50:00,605.0352009405825,3204.860613802215,247,AtHome
2023-04-06 16:55:00,615.3098822064323,3201.003200456854,247,Transport
2023-04-06 17:00:00,642.1874810231475,2703.295710883523,247,Transport
2023-04-06 17:05:00,641.9345114113765,2283.921131578666,247,Transport
2023-04-06 17:10:00,621.2383910372893,2005.3346159490147,247,AtRestaurant
2023-04-06 17:25:00,621.2383910372893,2005.3346159490147,247,AtRestaurant
2023-04-06 17:30:00,631.5130723031391,2001.4772026036533,247,Transport
2023-04-06 17:35:00,646.5072927151671,2376.165197219661,247,Transport
2023-04-06 17:40:00,640.2712967202582,2795.6074581791536,247,Transport
2023-04-06 17:45:00,605.0352009405825,3204.860613802215,247,AtHome
2023-04-07 07:10:00,605.0352009405825,3204.860613802215,247,AtHome
2023-04-07 07:15:00,615.3098822064323,3201.003200456854,247,Transport
2023-04-07 07:20:00,615.7144952874648,3541.3130936302646,247,Transport
2023-04-07 07:25:00,629.1024998407094,3960.967477453335,247,Transport
2023-04-07 07:30:00,926.3079687295595,4083.869339018834,247,Transport
2023-04-07 07:35:00,858.6274291297271,4394.198158029892,247,AtWork
2023-04-07 11:40:00,858.6274291297271,4394.198158029892,247,AtWork
2023-04-07 11:45:00,868.902110395577,4390.34074468453,247,Transport
2023-04-07 11:50:00,709.5155648477144,4482.374039900515,247,Transport
2023-04-07 11:55:00,687.9664346058763,4396.274081528693,247,AtRestaurant
2023-04-07 12:10:00,687.9664346058763,4396.274081528693,247,AtRestaurant
2023-04-07 12:15:00,698.2411158717262,4392.416668183332,247,Transport
2023-04-07 12:20:00,858.6274291297271,4394.198158029892,247,AtWork
2023-04-07 16:10:00,858.6274291297271,4394.198158029892,247,AtWork
2023-04-07 16:15:00,868.902110395577,4390.34074468453,247,Transport
2023-04-07 16:20:00,828.0037422444615,4056.043368774391,247,Transport
2023-04-07 16:25:00,623.3748718539276,3839.641921022485,247,Transport
2023-04-07 16:30:00,622.6455910247329,3420.0719595151027,247,Transport
2023-04-07 16:35:00,605.0352009405825,3204.860613802215,247,AtHome
2023-04-07 21:30:00,605.0352009405825,3204.860613802215,247,AtHome
2023-04-07 21:35:00,615.3098822064323,3201.003200456854,247,Transport
2023-04-07 21:40:00,642.1874810231475,2703.295710883523,247,Transport
2023-04-07 21:45:00,641.9345114113765,2283.921131578666,247,Transport
2023-04-07 21:50:00,621.2383910372893,2005.3346159490147,247,AtRestaurant
2023-04-07 22:05:00,621.2383910372893,2005.3346159490147,247,AtRestaurant
2023-04-07 22:10:00,631.5130723031391,2001.4772026036533,247,Transport
2023-04-07 22:15:00,646.5072927151671,2376.165197219661,247,Transport
2023-04-07 22:20:00,640.2712967202582,2795.6074581791536,247,Transport
2023-04-07 22:25:00,605.0352009405825,3204.860613802215,247,AtHome
2023-05-01 07:10:00,605.0352009405825,3204.860613802215,247,AtHome
2023-05-01 07:15:00,615.3098822064323,3201.003200456854,247,Transport
2023-05-01 07:20:00,615.7144952874648,3541.3130936302646,247,Transport
2023-05-01 07:25:00,629.1024998407094,3960.967477453335,247,Transport
2023-05-01 07:30:00,926.3079687295595,4083.869339018834,247,Transport
2023-05-01 07:35:00,858.6274291297271,4394.198158029892,247,AtWork
2023-05-01 11:40:00,858.6274291297271,4394.198158029892,247,AtWork
2023-05-01 11:45:00,868.902110395577,4390.34074468453,247,Transport
2023-05-01 11:50:00,709.5155648477144,4482.374039900515,247,Transport
2023-05-01 11:55:00,687.9664346058763,4396.274081528693,247,AtRestaurant
2023-05-01 12:10:00,687.9664346058763,4396.274081528693,247,AtRestaurant
2023-05-01 12:15:00,698.2411158717262,4392.416668183332,247,Transport
2023-05-01 12:20:00,858.6274291297271,4394.198158029892,247,AtWork
2023-05-01 16:10:00,858.6274291297271,4394.198158029892,247,AtWork
2023-05-01 16:15:00,868.902110395577,4390.34074468453,247,Transport
2023-05-01 16:20:00,828.0037422444615,4056.043368774391,247,Transport
2023-05-01 16:25:00,623.3748718539276,3839.641921022485,247,Transport
2023-05-01 16:30:00,622.6455910247329,3420.0719595151027,247,Transport
2023-05-01 16:35:00,605.0352009405825,3204.860613802215,247,AtHome
2023-05-01 21:30:00,605.0352009405825,3204.860613802215,247,AtHome
2023-05-01 21:35:00,615.3098822064323,3201.003200456854,247,Transport
2023-05-01 21:40:00,642.1874810231475,2703.295710883523,247,Transport
2023-05-01 21:45:00,641.9345114113765,2283.921131578666,247,Transport
2023-05-01 21:50:00,621.2383910372893,2005.3346159490147,247,AtRestaurant
2023-05-01 22:05:00,621.2383910372893,2005.3346159490147,247,AtRestaurant
2023-05-01 22:10:00,631.5130723031391,2001.4772026036533,247,Transport
2023-05-01 22:15:00,646.5072927151671,2376.165197219661,247,Transport
2023-05-01 22:20:00,640.2712967202582,2795.6074581791536,247,Transport
2023-05-01 22:25:00,605.0352009405825,3204.860613802215,247,AtHome
2023-05-02 07:10:00,605.0352009405825,3204.860613802215,247,AtHome
2023-05-02 07:15:00,615.3098822064323,3201.003200456854,247,Transport
2023-05-02 07:20:00,615.7144952874648,3541.3130936302646,247,Transport
2023-05-02 07:25:00,629.1024998407094,3960.967477453335,247,Transport
2023-05-02 07:30:00,926.3079687295595,4083.869339018834,247,Transport
2023-05-02 07:35:00,858.6274291297271,4394.198158029892,247,AtWork
2023-05-02 11:40:00,858.6274291297271,4394.198158029892,247,AtWork
2023-05-02 11:45:00,868.902110395577,4390.34074468453,247,Transport
2023-05-02 11:50:00,709.5155648477144,4482.374039900515,247,Transport
2023-05-02 11:55:00,687.9664346058763,4396.274081528693,247,AtRestaurant
2023-05-02 12:10:00,687.9664346058763,4396.274081528693,247,AtRestaurant
2023-05-02 12:15:00,698.2411158717262,4392.416668183332,247,Transport
2023-05-02 12:20:00,858.6274291297271,4394.198158029892,247,AtWork
2023-05-02 16:10:00,858.6274291297271,4394.198158029892,247,AtWork
2023-05-02 16:15:00,868.902110395577,4390.34074468453,247,Transport
2023-05-02 16:20:00,828.0037422444615,4056.043368774391,247,Transport
2023-05-02 16:25:00,623.3748718539276,3839.641921022485,247,Transport
2023-05-02 16:30:00,622.6455910247329,3420.0719595151027,247,Transport
2023-05-02 16:35:00,605.0352009405825,3204.860613802215,247,AtHome
2023-05-02 21:30:00,605.0352009405825,3204.860613802215,247,AtHome
2023-05-02 21:35:00,615.3098822064323,3201.003200456854,247,Transport
2023-05-02 21:40:00,642.1874810231475,2703.295710883523,247,Transport
2023-05-02 21:45:00,641.9345114113765,2283.921131578666,247,Transport
2023-05-02 21:50:00,621.2383910372893,2005.3346159490147,247,AtRestaurant
2023-05-02 22:05:00,621.2383910372893,2005.3346159490147,247,AtRestaurant
2023-05-02 22:10:00,631.5130723031391,2001.4772026036533,247,Transport
2023-05-02 22:15:00,646.5072927151671,2376.165197219661,247,Transport
2023-05-02 22:20:00,640.2712967202582,2795.6074581791536,247,Transport
2023-05-02 22:25:00,605.0352009405825,3204.860613802215,247,AtHome
2023-05-03 07:10:00,605.0352009405825,3204.860613802215,247,AtHome
2023-05-03 07:15:00,615.3098822064323,3201.003200456854,247,Transport
2023-05-03 07:20:00,615.7144952874648,3541.3130936302646,247,Transport
2023-05-03 07:25:00,629.1024998407094,3960.967477453335,247,Transport
2023-05-03 07:30:00,926.3079687295595,4083.869339018834,247,Transport
2023-05-03 07:35:00,858.6274291297271,4394.198158029892,247,AtWork
2023-05-03 11:40:00,858.6274291297271,4394.198158029892,247,AtWork
2023-05-03 11:45:00,868.902110395577,4390.34074468453,247,Transport
2023-05-03 11:50:00,709.5155648477144,4482.374039900515,247,Transport
2023-05-03 11:55:00,687.9664346058763,4396.274081528693,247,AtRestaurant
2023-05-03 12:10:00,687.9664346058763,4396.274081528693,247,AtRestaurant
2023-05-03 12:15:00,698.2411158717262,4392.416668183332,247,Transport
2023-05-03 12:20:00,858.6274291297271,4394.198158029892,247,AtWork
2023-05-03 16:10:00,858.6274291297271,4394.198158029892,247,AtWork
2023-05-03 16:15:00,868.902110395577,4390.34074468453,247,Transport
2023-05-03 16:20:00,828.0037422444615,4056.043368774391,247,Transport
2023-05-03 16:25:00,623.3748718539276,3839.641921022485,247,Transport
2023-05-03 16:30:00,622.6455910247329,3420.0719595151027,247,Transport
2023-05-03 16:35:00,605.0352009405825,3204.860613802215,247,AtHome
2023-05-03 16:50:00,605.0352009405825,3204.860613802215,247,AtHome
2023-05-03 16:55:00,615.3098822064323,3201.003200456854,247,Transport
2023-05-03 17:00:00,642.1874810231475,2703.295710883523,247,Transport
2023-05-03 17:05:00,641.9345114113765,2283.921131578666,247,Transport
2023-05-03 17:10:00,621.2383910372893,2005.3346159490147,247,AtRestaurant
2023-05-03 17:25:00,621.2383910372893,2005.3346159490147,247,AtRestaurant
2023-05-03 17:30:00,631.5130723031391,2001.4772026036533,247,Transport
2023-05-03 17:35:00,646.5072927151671,2376.165197219661,247,Transport
2023-05-03 17:40:00,640.2712967202582,2795.6074581791536,247,Transport
2023-05-03 17:45:00,605.0352009405825,3204.860613802215,247,AtHome
2023-05-03 22:05:00,605.0352009405825,3204.860613802215,247,AtHome
2023-05-03 22:10:00,615.3098822064323,3201.003200456854,247,Transport
2023-05-03 22:15:00,642.1874810231475,2703.295710883523,247,Transport
2023-05-03 22:20:00,641.9345114113765,2283.921131578666,247,Transport
2023-05-03 22:25:00,621.2383910372893,2005.3346159490147,247,AtRestaurant
2023-05-03 22:30:00,631.5130723031391,2001.4772026036533,247,Transport
2023-05-03 22:35:00,646.5072927151671,2376.165197219661,247,Transport
2023-05-03 22:40:00,640.2712967202582,2795.6074581791536,247,Transport
2023-05-03 22:45:00,605.0352009405825,3204.860613802215,247,AtHome
2023-05-04 07:10:00,605.0352009405825,3204.860613802215,247,AtHome
2023-05-04 07:15:00,615.3098822064323,3201.003200456854,247,Transport
2023-05-04 07:20:00,615.7144952874648,3541.3130936302646,247,Transport
2023-05-04 07:25:00,629.1024998407094,3960.967477453335,247,Transport
2023-05-04 07:30:00,926.3079687295595,4083.869339018834,247,Transport
2023-05-04 07:35:00,858.6274291297271,4394.198158029892,247,AtWork
2023-05-04 11:40:00,858.6274291297271,4394.198158029892,247,AtWork
2023-05-04 11:45:00,868.902110395577,4390.34074468453,247,Transport
2023-05-04 11:50:00,709.5155648477144,4482.374039900515,247,Transport
2023-05-04 11:55:00,687.9664346058763,4396.274081528693,247,AtRestaurant
2023-05-04 12:10:00,687.9664346058763,4396.274081528693,247,AtRestaurant
2023-05-04 12:15:00,698.2411158717262,4392.416668183332,247,Transport
2023-05-04 12:20:00,858.6274291297271,4394.198158029892,247,AtWork
2023-05-04 16:10:00,858.6274291297271,4394.198158029892,247,AtWork
2023-05-04 16:15:00,868.902110395577,4390.34074468453,247,Transport
2023-05-04 16:20:00,828.0037422444615,4056.043368774391,247,Transport
2023-05-04 16:25:00,623.3748718539276,3839.641921022485,247,Transport
2023-05-04 16:30:00,622.6455910247329,3420.0719595151027,247,Transport
2023-05-04 16:35:00,605.0352009405825,3204.860613802215,247,AtHome
2023-05-04 16:40:00,615.3098822064323,3201.003200456854,247,Transport
2023-05-04 16:45:00,615.7144952874648,3541.3130936302646,247,Transport
2023-05-04 16:50:00,629.1024998407094,3960.967477453335,247,Transport
2023-05-04 16:55:00,572.0526467474274,4375.908873733891,247,Transport
2023-05-04 17:00:00,400.7848268574819,4623.759729032403,247,Transport
2023-05-04 17:05:00,62.08263586794361,4726.762882276073,247,Transport
2023-05-04 17:10:00,-228.5416636098629,4876.192230261836,247,Transport
2023-05-04 17:15:00,-270.7321517972405,5030.008217524723,247,AtRecreation
2023-05-04 17:20:00,-260.45747053139064,5026.150804179361,247,Transport
2023-05-04 17:25:00,-56.31352508268587,4740.277986216306,247,Transport
2023-05-04 17:30:00,361.8254056349728,4702.987428661796,247,Transport
2023-05-04 17:35:00,554.3742530220767,4476.436116406113,247,Transport
2023-05-04 17:40:00,687.9664346058763,4396.274081528693,247,AtRestaurant
2023-05-04 17:55:00,687.9664346058763,4396.274081528693,247,AtRestaurant
2023-05-04 18:00:00,698.2411158717262,4392.416668183332,247,Transport
2023-05-04 18:05:00,401.00364888735993,4632.191656083583,247,Transport
2023-05-04 18:10:00,53.71315310962717,4727.81027677455,247,Transport
2023-05-04 18:15:00,-230.4186780140786,4884.415495659691,247,Transport
2023-05-04 18:20:00,-270.7321517972405,5030.008217524723,247,AtRecreation
2023-05-04 18:35:00,-270.7321517972405,5030.008217524723,247,AtRecreation
2023-05-04 18:40:00,-260.45747053139064,5026.150804179361,247,Transport
2023-05-04 18:45:00,-56.31352508268587,4740.277986216306,247,Transport
2023-05-04 18:50:00,361.8254056349728,4702.987428661796,247,Transport
2023-05-04 18:55:00,554.3742530220767,4476.436116406113,247,Transport
2023-05-04 19:00:00,620.3108823479811,4079.478052167119,247,Transport
2023-05-04 19:05:00,616.1141707901548,3660.481135193048,247,Transport
2023-05-04 19:10:00,641.5651457940667,3241.933436648096,247,Transport
2023-05-04 19:15:00,605.0352009405825,3204.860613802215,247,AtHome
2023-05-04 19:20:00,615.3098822064323,3201.003200456854,247,Transport
2023-05-04 19:25:00,615.7144952874648,3541.3130936302646,247,Transport
2023-05-04 19:30:00,629.1024998407094,3960.967477453335,247,Transport
2023-05-04 19:35:00,572.0526467474274,4375.908873733891,247,Transport
2023-05-04 19:40:00,253.9183012035699,4473.425158681876,247,Transport
2023-05-04 19:45:00,190.3099082388192,4100.386250173873,247,Transport
2023-05-04 19:50:00,-227.924773664714,4123.905522141427,247,Transport
2023-05-04 19:55:00,-48.73849432142425,3890.999541848754,247,Transport
2023-05-04 20:00:00,-236.19566791087192,3881.911110971474,247,AtRecreation
2023-05-04 21:45:00,-236.19566791087192,3881.911110971474,247,AtRecreation
2023-05-04 21:50:00,-225.9209866450221,3878.053697626113,247,Transport
2023-05-04 21:55:00,-49.330318444446,3986.322344996892,247,Transport
2023-05-04 22:00:00,-133.37526873220492,4111.11260730294,247,Transport
2023-05-04 22:05:00,188.61397305386183,4195.410110193234,247,Transport
2023-05-04 22:10:00,349.0352898431787,4478.16622847438,247,Transport
2023-05-04 22:15:00,580.3965404548777,4280.867776814112,247,Transport
2023-05-04 22:20:00,624.7941609893063,3865.653540506299,247,Transport
2023-05-04 22:25:00,620.679512600292,3446.033492504884,247,Transport
2023-05-04 22:30:00,605.0352009405825,3204.860613802215,247,AtHome
2023-05-05 07:10:00,605.0352009405825,3204.860613802215,247,AtHome
2023-05-05 07:15:00,615.3098822064323,3201.003200456854,247,Transport
2023-05-05 07:20:00,615.7144952874648,3541.3130936302646,247,Transport
2023-05-05 07:25:00,629.1024998407094,3960.967477453335,247,Transport
2023-05-05 07:30:00,926.3079687295595,4083.869339018834,247,Transport
2023-05-05 07:35:00,858.6274291297271,4394.198158029892,247,AtWork
2023-05-05 11:40:00,858.6274291297271,4394.198158029892,247,AtWork
2023-05-05 11:45:00,868.902110395577,4390.34074468453,247,Transport
2023-05-05 11:50:00,709.5155648477144,4482.374039900515,247,Transport
2023-05-05 11:55:00,687.9664346058763,4396.274081528693,247,AtRestaurant
2023-05-05 12:10:00,687.9664346058763,4396.274081528693,247,AtRestaurant
2023-05-05 12:15:00,698.2411158717262,4392.416668183332,247,Transport
2023-05-05 12:20:00,858.6274291297271,4394.198158029892,247,AtWork
2023-05-05 16:10:00,858.6274291297271,4394.198158029892,247,AtWork
2023-05-05 16:15:00,868.902110395577,4390.34074468453,247,Transport
2023-05-05 16:20:00,828.0037422444615,4056.043368774391,247,Transport
2023-05-05 16:25:00,623.3748718539276,3839.641921022485,247,Transport
2023-05-05 16:30:00,622.6455910247329,3420.0719595151027,247,Transport
2023-05-05 16:35:00,605.0352009405825,3204.860613802215,247,AtHome
2023-05-05 16:50:00,605.0352009405825,3204.860613802215,247,AtHome
2023-05-05 16:55:00,615.3098822064323,3201.003200456854,247,Transport
2023-05-05 17:00:00,642.1874810231475,2703.295710883523,247,Transport
2023-05-05 17:05:00,641.9345114113765,2283.921131578666,247,Transport
2023-05-05 17:10:00,621.2383910372893,2005.3346159490147,247,AtRestaurant
2023-05-05 17:25:00,621.2383910372893,2005.3346159490147,247,AtRestaurant
2023-05-05 17:30:00,631.5130723031391,2001.4772026036533,247,Transport
2023-05-05 17:35:00,646.5072927151671,2376.165197219661,247,Transport
2023-05-05 17:40:00,640.2712967202582,2795.6074581791536,247,Transport
2023-05-05 17:45:00,605.0352009405825,3204.860613802215,247,AtHome
2023-05-06 07:00:00,605.0352009405825,3204.860613802215,247,AtHome
2023-05-06 07:05:00,615.3098822064323,3201.003200456854,247,Transport
2023-05-06 07:10:00,642.1874810231475,2703.295710883523,247,Transport
2023-05-06 07:15:00,641.9345114113765,2283.921131578666,247,Transport
2023-05-06 07:20:00,597.6053877120731,1868.122039508908,247,Transport
2023-05-06 07:25:00,646.4716470621729,1451.092481224494,247,Transport
2023-05-06 07:30:00,663.7893494011146,1032.0039626535388,247,Transport
2023-05-06 07:35:00,760.1532231729477,936.4426136668365,247,AtRecreation
2023-05-06 09:45:00,760.1532231729477,936.4426136668365,247,AtRecreation
2023-05-06 09:50:00,770.4279044387976,932.5852003214752,247,Transport
2023-05-06 09:55:00,656.4955189778115,1175.025809132529,247,Transport
2023-05-06 10:00:00,630.057443387326,1593.6485457451097,247,Transport
2023-05-06 10:05:00,600.3299130282309,2011.5630085733385,247,Transport
2023-05-06 10:10:00,649.9382662694971,2427.1840488094285,247,Transport
2023-05-06 10:15:00,640.8887516017862,2846.737816544204,247,Transport
2023-05-06 10:20:00,605.0352009405825,3204.860613802215,247,AtHome
2023-05-06 10:25:00,615.3098822064323,3201.003200456854,247,Transport
2023-05-06 10:30:00,615.7144952874648,3541.3130936302646,247,Transport
2023-05-06 10:35:00,629.1024998407094,3960.967477453335,247,Transport
2023-05-06 10:40:00,572.0526467474274,4375.908873733891,247,Transport
2023-05-06 10:45:00,400.7848268574819,4623.759729032403,247,Transport
2023-05-06 10:50:00,62.08263586794361,4726.762882276073,247,Transport
2023-05-06 10:55:00,-228.5416636098629,4876.192230261836,247,Transport
2023-05-06 11:00:00,-270.7321517972405,5030.008217524723,247,AtRecreation
2023-05-06 12:30:00,-270.7321517972405,5030.008217524723,247,AtRecreation
2023-05-06 12:35:00,-260.45747053139064,5026.150804179361,247,Transport
2023-05-06 12:40:00,-56.31352508268587,4740.277986216306,247,Transport
2023-05-06 12:45:00,361.8254056349728,4702.987428661796,247,Transport
2023-05-06 12:50:00,554.3742530220767,4476.436116406113,247,Transport
2023-05-06 12:55:00,620.3108823479811,4079.478052167119,247,Transport
2023-05-06 13:00:00,616.1141707901548,3660.481135193048,247,Transport
2023-05-06 13:05:00,641.5651457940667,3241.933436648096,247,Transport
2023-05-06 13:10:00,605.0352009405825,3204.860613802215,247,AtHome
2023-05-06 13:15:00,615.3098822064323,3201.003200456854,247,Transport
2023-05-06 13:20:00,642.1874810231475,2703.295710883523,247,Transport
2023-05-06 13:25:00,641.9345114113765,2283.921131578666,247,Transport
2023-05-06 13:30:00,597.6053877120731,1868.122039508908,247,Transport
2023-05-06 13:35:00,646.4716470621729,1451.092481224494,247,Transport
2023-05-06 13:40:00,663.7893494011146,1032.0039626535388,247,Transport
2023-05-06 13:45:00,760.1532231729477,936.4426136668365,247,AtRecreation
2023-05-06 14:55:00,760.1532231729477,936.4426136668365,247,AtRecreation
2023-05-06 15:00:00,770.4279044387976,932.5852003214752,247,Transport
2023-05-06 15:05:00,656.4955189778115,1175.025809132529,247,Transport
2023-05-06 15:10:00,630.057443387326,1593.6485457451097,247,Transport
2023-05-06 15:15:00,600.3299130282309,2011.5630085733385,247,Transport
2023-05-06 15:20:00,649.9382662694971,2427.1840488094285,247,Transport
2023-05-06 15:25:00,640.8887516017862,2846.737816544204,247,Transport
2023-05-06 15:30:00,605.0352009405825,3204.860613802215,247,AtHome
2023-05-06 15:35:00,615.3098822064323,3201.003200456854,247,Transport
2023-05-06 15:40:00,642.1874810231475,2703.295710883523,247,Transport
2023-05-06 15:45:00,641.9345114113765,2283.921131578666,247,Transport
2023-05-06 15:50:00,597.6053877120731,1868.122039508908,247,Transport
2023-05-06 15:55:00,646.4716470621729,1451.092481224494,247,Transport
2023-05-06 16:00:00,663.7893494011146,1032.0039626535388,247,Transport
2023-05-06 16:05:00,760.1532231729477,936.4426136668365,247,AtRecreation
2023-05-06 17:20:00,760.1532231729477,936.4426136668365,247,AtRecreation
2023-05-06 17:25:00,770.4279044387976,932.5852003214752,247,Transport
2023-05-06 17:30:00,656.4955189778115,1175.025809132529,247,Transport
2023-05-06 17:35:00,630.057443387326,1593.6485457451097,247,Transport
2023-05-06 17:40:00,600.3299130282309,2011.5630085733385,247,Transport
2023-05-06 17:45:00,649.9382662694971,2427.1840488094285,247,Transport
2023-05-06 17:50:00,640.8887516017862,2846.737816544204,247,Transport
2023-05-06 17:55:00,605.0352009405825,3204.860613802215,247,AtHome
2023-05-07 07:00:00,605.0352009405825,3204.860613802215,247,AtHome
2023-05-07 07:05:00,615.3098822064323,3201.003200456854,247,Transport
2023-05-07 07:10:00,642.1874810231475,2703.295710883523,247,Transport
2023-05-07 07:15:00,641.9345114113765,2283.921131578666,247,Transport
2023-05-07 07:20:00,621.2383910372893,2005.3346159490147,247,AtRestaurant
2023-05-07 07:35:00,621.2383910372893,2005.3346159490147,247,AtRestaurant
2023-05-07 07:40:00,631.5130723031391,2001.4772026036533,247,Transport
2023-05-07 07:45:00,646.5072927151671,2376.165197219661,247,Transport
2023-05-07 07:50:00,640.2712967202582,2795.6074581791536,247,Transport
2023-05-07 07:55:00,605.0352009405825,3204.860613802215,247,AtHome
2023-05-07 08:00:00,615.3098822064323,3201.003200456854,247,Transport
2023-05-07 08:05:00,615.7144952874648,3541.3130936302646,247,Transport
2023-05-07 08:10:00,629.1024998407094,3960.967477453335,247,Transport
2023-05-07 08:15:00,572.0526467474274,4375.908873733891,247,Transport
2023-05-07 08:20:00,253.9183012035699,4473.425158681876,247,Transport
2023-05-07 08:25:00,190.3099082388192,4100.386250173873,247,Transport
2023-05-07 08:30:00,-227.924773664714,4123.905522141427,247,Transport
2023-05-07 08:35:00,-48.73849432142425,3890.999541848754,247,Transport
2023-05-07 08:40:00,-236.19566791087192,3881.911110971474,247,AtRecreation
2023-05-07 11:20:00,-236.19566791087192,3881.911110971474,247,AtRecreation
2023-05-07 11:25:00,-225.9209866450221,3878.053697626113,247,Transport
2023-05-07 11:30:00,-49.330318444446,3986.322344996892,247,Transport
2023-05-07 11:35:00,-133.37526873220492,4111.11260730294,247,Transport
2023-05-07 11:40:00,188.61397305386183,4195.410110193234,247,Transport
2023-05-07 11:45:00,349.0352898431787,4478.16622847438,247,Transport
2023-05-07 11:50:00,580.3965404548777,4280.867776814112,247,Transport
2023-05-07 11:55:00,624.7941609893063,3865.653540506299,247,Transport
2023-05-07 12:00:00,620.679512600292,3446.033492504884,247,Transport
2023-05-07 12:05:00,605.0352009405825,3204.860613802215,247,AtHome
2023-05-07 12:10:00,615.3098822064323,3201.003200456854,247,Transport
2023-05-07 12:15:00,642.1874810231475,2703.295710883523,247,Transport
2023-05-07 12:20:00,641.9345114113765,2283.921131578666,247,Transport
2023-05-07 12:25:00,597.6053877120731,1868.122039508908,247,Transport
2023-05-07 12:30:00,646.4716470621729,1451.092481224494,247,Transport
2023-05-07 12:35:00,663.7893494011146,1032.0039626535388,247,Transport
2023-05-07 12:40:00,760.1532231729477,936.4426136668365,247,AtRecreation
2023-05-07 13:55:00,760.1532231729477,936.4426136668365,247,AtRecreation
2023-05-07 14:00:00,770.4279044387976,932.5852003214752,247,Transport
2023-05-07 14:05:00,656.4955189778115,1175.025809132529,247,Transport
2023-05-07 14:10:00,630.057443387326,1593.6485457451097,247,Transport
2023-05-07 14:15:00,600.3299130282309,2011.5630085733385,247,Transport
2023-05-07 14:20:00,649.9382662694971,2427.1840488094285,247,Transport
2023-05-07 14:25:00,640.8887516017862,2846.737816544204,247,Transport
2023-05-07 14:30:00,605.0352009405825,3204.860613802215,247,AtHome
2023-05-07 14:35:00,615.3098822064323,3201.003200456854,247,Transport
2023-05-07 14:40:00,615.7144952874648,3541.3130936302646,247,Transport
2023-05-07 14:45:00,912.1358292519776,3665.7790038627113,247,Transport
2023-05-07 14:50:00,954.1633419054704,3995.460887129569,247,AtRecreation
2023-05-07 16:45:00,954.1633419054704,3995.460887129569,247,AtRecreation
2023-05-07 16:50:00,964.4380231713202,3991.603473784208,247,Transport
2023-05-07 16:55:00,827.6022596364746,3665.049294080348,247,Transport
2023-05-07 17:00:00,620.0233251212022,3456.885740287757,247,Transport
2023-05-07 17:05:00,605.0352009405825,3204.860613802215,247,AtHome
2023-05-07 17:10:00,615.3098822064323,3201.003200456854,247,Transport
2023-05-07 17:15:00,615.7144952874648,3541.3130936302646,247,Transport
2023-05-07 17:20:00,629.1024998407094,3960.967477453335,247,Transport
2023-05-07 17:25:00,572.0526467474274,4375.908873733891,247,Transport
2023-05-07 17:30:00,253.9183012035699,4473.425158681876,247,Transport
2023-05-07 17:35:00,190.3099082388192,4100.386250173873,247,Transport
2023-05-07 17:40:00,-227.924773664714,4123.905522141427,247,Transport
2023-05-07 17:45:00,-48.73849432142425,3890.999541848754,247,Transport
2023-05-07 17:50:00,-236.19566791087192,3881.911110971474,247,AtRecreation
2023-05-07 19:30:00,-236.19566791087192,3881.911110971474,247,AtRecreation
2023-05-07 19:35:00,-225.9209866450221,3878.053697626113,247,Transport
2023-05-07 19:40:00,-49.330318444446,3986.322344996892,247,Transport
2023-05-07 19:45:00,-133.37526873220492,4111.11260730294,247,Transport
2023-05-07 19:50:00,188.61397305386183,4195.410110193234,247,Transport
2023-05-07 19:55:00,349.0352898431787,4478.16622847438,247,Transport
2023-05-07 20:00:00,580.3965404548777,4280.867776814112,247,Transport
2023-05-07 20:05:00,624.7941609893063,3865.653540506299,247,Transport
2023-05-07 20:10:00,620.679512600292,3446.033492504884,247,Transport
2023-05-07 20:15:00,605.0352009405825,3204.860613802215,247,AtHome
